1 0.0048769996501505375 
2 1.2905114889144897 
3 1.0960270166397095 
4 0.6707018613815308 
5 0.8800121545791626 
6 0.9055992364883423 
7 1.6902875900268555 
8 1.3748161792755127 
9 1.1851178407669067 
10 1.3020178079605103 
11 1.0449849367141724 
12 1.1354581117630005 
13 1.2448513507843018 
14 1.322739839553833 
15 1.5988144874572754 
16 1.7492188215255737 
17 1.5359755754470825 
18 1.4997040033340454 
19 1.588281512260437 
20 1.2762075662612915 
21 1.4010506868362427 
22 1.9616851806640625 
23 1.436065673828125 
24 1.2714030742645264 
25 1.3439314365386963 
26 1.107055425643921 
27 1.5941523313522339 
28 1.777580976486206 
29 1.628406047821045 
30 1.8880226612091064 
31 1.4880151748657227 
32 1.4408529996871948 
33 1.632156252861023 
34 1.706432580947876 
35 1.4799820184707642 
36 1.5273640155792236 
37 1.3267635107040405 
38 1.6329690217971802 
39 1.6958707571029663 
40 1.8570048809051514 
41 1.1393747329711914 
42 1.1736172437667847 
43 1.2656137943267822 
44 1.6540695428848267 
45 1.3613890409469604 
46 1.192661166191101 
47 1.4671164751052856 
48 1.6687426567077637 
49 1.261553168296814 
50 1.1387814283370972 
51 1.4104530811309814 
52 0.921723484992981 
53 1.1270822286605835 
54 1.4696455001831055 
55 1.366807460784912 
56 1.2000833749771118 
57 1.3159799575805664 
58 1.3960480690002441 
59 1.6711007356643677 
60 1.4059407711029053 
61 1.666041374206543 
62 1.388702392578125 
63 1.237999439239502 
64 1.1659969091415405 
65 1.534377098083496 
66 1.5415432453155518 
67 1.194772481918335 
68 1.3423875570297241 
69 1.5677570104599 
70 1.5966970920562744 
71 1.322102427482605 
72 1.3990304470062256 
73 1.3123376369476318 
74 1.4757204055786133 
75 1.6022727489471436 
76 1.3985453844070435 
77 1.3976142406463623 
78 1.4702703952789307 
79 2.0215134620666504 
80 1.6057244539260864 
81 1.6856777667999268 
82 1.6972310543060303 
83 1.8918778896331787 
84 1.9013855457305908 
85 2.208897590637207 
86 1.9542877674102783 
87 1.6598811149597168 
88 2.657860279083252 
89 1.5053941011428833 
90 2.0016753673553467 
91 1.526699185371399 
92 2.1546506881713867 
93 1.8061202764511108 
94 2.5092663764953613 
95 2.238532304763794 
96 2.11830472946167 
97 2.1447529792785645 
98 2.2703962326049805 
99 2.2801449298858643 
100 2.563607931137085 
101 2.615514039993286 
102 2.0110063552856445 
103 2.1300647258758545 
104 1.8319660425186157 
105 1.6492624282836914 
106 2.264230489730835 
107 2.0836737155914307 
108 2.2536282539367676 
109 2.5551791191101074 
110 2.461341381072998 
111 2.507187604904175 
112 2.4294283390045166 
113 2.1314480304718018 
114 1.7616117000579834 
115 1.836972951889038 
116 1.7811980247497559 
117 1.7288291454315186 
118 1.5993211269378662 
119 1.9779645204544067 
120 2.005605459213257 
121 2.0257136821746826 
122 2.0562801361083984 
123 1.9600921869277954 
124 1.8851367235183716 
125 2.2121775150299072 
126 1.958105444908142 
127 2.552356481552124 
128 1.8631579875946045 
129 2.065232038497925 
130 1.8024027347564697 
131 1.7857123613357544 
132 2.2522547245025635 
133 1.7904086112976074 
134 1.658451795578003 
135 1.6029956340789795 
136 1.9472914934158325 
137 1.8356331586837769 
138 2.167874813079834 
139 2.001920700073242 
140 2.1341607570648193 
141 2.3804659843444824 
142 2.3164961338043213 
143 2.033392906188965 
144 2.0620813369750977 
145 2.0377197265625 
146 2.042687177658081 
147 2.10512113571167 
148 1.9646146297454834 
149 2.3298308849334717 
150 2.230659008026123 
151 2.431091785430908 
152 2.104512929916382 
153 1.834787130355835 
154 2.373868465423584 
155 2.10711932182312 
156 1.9737097024917603 
157 1.958321452140808 
158 2.071042776107788 
159 1.9147452116012573 
160 2.070664167404175 
161 2.06241774559021 
162 1.8309065103530884 
163 2.3864755630493164 
164 2.243335723876953 
165 1.9001134634017944 
166 2.059676170349121 
167 1.871870994567871 
168 1.9838188886642456 
169 2.0392627716064453 
170 2.179309368133545 
171 2.100339889526367 
172 1.8440964221954346 
173 1.9254486560821533 
174 2.0021474361419678 
175 1.9740666151046753 
176 2.3716118335723877 
177 1.975679636001587 
178 2.123443126678467 
179 2.3125998973846436 
180 2.2725682258605957 
181 1.934890627861023 
182 2.0206189155578613 
183 1.9445744752883911 
184 1.9359084367752075 
185 1.8981645107269287 
186 2.0984318256378174 
187 2.101046562194824 
188 2.1087281703948975 
189 1.8279216289520264 
190 1.731258749961853 
191 2.20162296295166 
192 2.051492691040039 
193 1.7305995225906372 
194 1.8673973083496094 
195 2.210204601287842 
196 2.2913620471954346 
197 1.8137046098709106 
198 1.8638051748275757 
199 1.95587158203125 
200 2.0205514430999756 
201 1.9507713317871094 
202 1.767409086227417 
203 1.7431776523590088 
204 1.837319254875183 
205 1.6955628395080566 
206 2.0693461894989014 
207 1.8970966339111328 
208 1.8502527475357056 
209 1.7174984216690063 
210 1.9492847919464111 
211 1.68775475025177 
212 1.73888099193573 
213 1.9570088386535645 
214 1.7711095809936523 
215 1.9904478788375854 
216 1.6353211402893066 
217 1.8931313753128052 
218 1.6413813829421997 
219 1.800435185432434 
220 1.5530914068222046 
221 1.805749773979187 
222 1.73604416847229 
223 1.849547028541565 
224 1.6188045740127563 
225 2.4494454860687256 
226 2.3287038803100586 
227 1.8395439386367798 
228 1.7708195447921753 
229 1.9001226425170898 
230 1.7963234186172485 
231 1.7561736106872559 
232 1.873397946357727 
233 2.0370583534240723 
234 1.7973568439483643 
235 1.7642731666564941 
236 1.6982120275497437 
237 1.957612156867981 
238 1.5508430004119873 
239 2.0801165103912354 
240 1.9975022077560425 
241 1.8865656852722168 
242 2.0180866718292236 
243 1.780259370803833 
244 1.8222742080688477 
245 1.5755369663238525 
246 2.1733410358428955 
247 1.958872675895691 
248 1.4674344062805176 
249 1.6356064081192017 
250 1.8964896202087402 
251 2.0522730350494385 
252 1.8580275774002075 
253 1.9186784029006958 
254 1.8567851781845093 
255 2.495393753051758 
256 1.9207649230957031 
257 1.9424991607666016 
258 1.8581500053405762 
259 1.9327400922775269 
260 1.8994688987731934 
261 2.2135634422302246 
262 1.866269826889038 
263 2.092573642730713 
264 1.84514582157135 
265 1.8443864583969116 
266 2.0564661026000977 
267 2.0941147804260254 
268 1.848565697669983 
269 1.9088857173919678 
270 1.909292459487915 
271 1.923725962638855 
272 2.079256772994995 
273 1.6997122764587402 
274 1.712775707244873 
275 1.9293304681777954 
276 2.1668663024902344 
277 2.1486504077911377 
278 1.5780400037765503 
279 2.064427614212036 
280 1.9002023935317993 
281 1.8376967906951904 
282 1.885543704032898 
283 1.8439749479293823 
284 1.4647620916366577 
285 1.8726541996002197 
286 1.7895597219467163 
287 1.6798193454742432 
288 2.0511248111724854 
289 2.2590205669403076 
290 2.0952723026275635 
291 1.6083906888961792 
292 1.7323793172836304 
293 1.8278193473815918 
294 1.7539325952529907 
295 1.852747917175293 
296 1.8176378011703491 
297 1.6887961626052856 
298 1.831618070602417 
299 1.3393772840499878 
300 1.7674649953842163 
301 1.4362566471099854 
302 1.713964581489563 
303 1.538044810295105 
304 1.392139196395874 
305 1.6206291913986206 
306 1.8054583072662354 
307 1.6348934173583984 
308 1.6402512788772583 
309 1.6474488973617554 
310 1.6827092170715332 
311 1.9449076652526855 
312 1.6429888010025024 
313 1.559051752090454 
314 1.1786675453186035 
315 1.6384356021881104 
316 1.7094521522521973 
317 1.787965178489685 
318 1.9306378364562988 
319 1.581611156463623 
320 1.9492430686950684 
321 1.6669578552246094 
322 1.700299620628357 
323 1.8350895643234253 
324 1.8357737064361572 
325 1.7206206321716309 
326 1.2863796949386597 
327 1.6796767711639404 
328 1.6657936573028564 
329 1.5837653875350952 
330 1.8671939373016357 
331 1.5440722703933716 
332 1.6154470443725586 
333 1.5570390224456787 
334 1.9789941310882568 
335 1.805472493171692 
336 1.685319423675537 
337 1.6609805822372437 
338 1.9709416627883911 
339 1.6197377443313599 
340 1.6685227155685425 
341 2.1301774978637695 
342 1.7851730585098267 
343 1.5759685039520264 
344 1.930477499961853 
345 2.270848512649536 
346 1.8859957456588745 
347 1.9429931640625 
348 2.0742015838623047 
349 1.608495831489563 
350 1.5954465866088867 
351 2.0670323371887207 
352 2.159538984298706 
353 1.872782826423645 
354 1.6743078231811523 
355 1.6813656091690063 
356 1.8886675834655762 
357 2.204815626144409 
358 1.830104112625122 
359 1.8660757541656494 
360 1.8505854606628418 
361 2.1305789947509766 
362 1.5277544260025024 
363 1.875131607055664 
364 1.8939127922058105 
365 2.5981929302215576 
366 2.812586545944214 
367 1.9804028272628784 
368 2.389122724533081 
369 2.2515156269073486 
370 2.537734031677246 
371 2.478217840194702 
372 2.2525365352630615 
373 2.1854429244995117 
374 2.444429397583008 
375 2.275876998901367 
376 2.4393434524536133 
377 2.8043839931488037 
378 2.334324598312378 
379 2.1280136108398438 
380 2.145195960998535 
381 2.3814024925231934 
382 2.4401180744171143 
383 2.143540143966675 
384 2.5743002891540527 
385 2.375119209289551 
386 2.2914271354675293 
387 2.6750855445861816 
388 3.237579584121704 
389 2.745760202407837 
390 2.407676935195923 
391 2.7981202602386475 
392 2.6983747482299805 
393 2.5241904258728027 
394 2.6239771842956543 
395 2.824843406677246 
396 2.2974374294281006 
397 2.361422538757324 
398 2.587691068649292 
399 2.4445159435272217 
400 1.8993489742279053 
401 2.3923721313476562 
402 2.652709484100342 
403 2.8758413791656494 
404 2.315920829772949 
405 2.2404303550720215 
406 1.8264415264129639 
407 2.893082857131958 
408 2.6550233364105225 
409 2.4457170963287354 
410 2.837521553039551 
411 2.5282623767852783 
412 3.305945873260498 
413 2.4472270011901855 
414 3.2413368225097656 
415 2.985038995742798 
416 2.6460859775543213 
417 2.990399122238159 
418 2.487137794494629 
419 2.541921854019165 
420 2.930147171020508 
421 2.7134015560150146 
422 2.2744462490081787 
423 2.8295390605926514 
424 2.6768739223480225 
425 2.616286516189575 
426 2.8834142684936523 
427 2.765463352203369 
428 2.7439234256744385 
429 3.024240493774414 
430 2.2388081550598145 
431 2.8446805477142334 
432 2.6844582557678223 
433 2.6594977378845215 
434 2.534311532974243 
435 2.580004930496216 
436 2.885802745819092 
437 2.7217490673065186 
438 2.467407464981079 
439 2.7287909984588623 
440 2.928344964981079 
441 2.5102572441101074 
442 2.870748281478882 
443 2.541719913482666 
444 2.502532958984375 
445 2.811295509338379 
446 2.7838711738586426 
447 2.9534249305725098 
448 3.052150011062622 
449 3.0457053184509277 
450 2.9860846996307373 
451 3.1781976222991943 
452 3.3914647102355957 
453 3.1789894104003906 
454 2.3530375957489014 
455 2.835341453552246 
456 2.5538673400878906 
457 2.9362893104553223 
458 2.8420491218566895 
459 2.987583637237549 
460 2.4942121505737305 
461 2.6544506549835205 
462 2.5809178352355957 
463 2.5123636722564697 
464 2.9887778759002686 
465 2.9687979221343994 
466 2.907857894897461 
467 3.1264917850494385 
468 3.251829147338867 
469 3.110377073287964 
470 3.3366446495056152 
471 2.9498331546783447 
472 3.3216421604156494 
473 3.785953998565674 
474 3.325065851211548 
475 3.0263047218322754 
476 2.9981577396392822 
477 2.850250244140625 
478 2.9753987789154053 
479 3.2947659492492676 
480 2.9149131774902344 
481 2.9292311668395996 
482 2.796219825744629 
483 3.1320247650146484 
484 2.549838066101074 
485 2.814115285873413 
486 3.029513359069824 
487 2.6363492012023926 
488 2.7326931953430176 
489 2.3969571590423584 
490 2.9552361965179443 
491 3.006788730621338 
492 2.1587181091308594 
493 2.7875449657440186 
494 2.174572229385376 
495 2.4669830799102783 
496 2.5046982765197754 
497 2.8355844020843506 
498 2.709059715270996 
499 2.775571584701538 
500 2.8821282386779785 
501 2.620999336242676 
502 0.005047344136983156 
503 1.7780574560165405 
504 1.4301999807357788 
505 1.346611499786377 
506 1.1208674907684326 
507 1.7622960805892944 
508 1.542823076248169 
509 1.6641819477081299 
510 1.8518179655075073 
511 1.7829644680023193 
512 1.7184622287750244 
513 1.9604191780090332 
514 1.9429700374603271 
515 1.8704345226287842 
516 1.84300696849823 
517 1.7183477878570557 
518 1.5237921476364136 
519 1.6651324033737183 
520 1.7147961854934692 
521 1.6458309888839722 
522 1.634817123413086 
523 1.5584909915924072 
524 1.5203444957733154 
525 1.5828813314437866 
526 1.5621312856674194 
527 1.5757077932357788 
528 1.3978304862976074 
529 1.4218817949295044 
530 1.3675285577774048 
531 2.009337902069092 
532 1.5702775716781616 
533 1.5905637741088867 
534 1.3877089023590088 
535 1.3785444498062134 
536 1.443219542503357 
537 1.3827275037765503 
538 1.6796048879623413 
539 1.6689282655715942 
540 2.0419607162475586 
541 1.4002649784088135 
542 1.7372783422470093 
543 1.8416388034820557 
544 1.715118646621704 
545 1.5713145732879639 
546 1.8068253993988037 
547 1.67082941532135 
548 1.6642394065856934 
549 1.5787192583084106 
550 1.8053576946258545 
551 1.6854363679885864 
552 1.518332839012146 
553 1.6943751573562622 
554 1.892619252204895 
555 1.877529501914978 
556 1.6083855628967285 
557 1.4770867824554443 
558 1.5285502672195435 
559 1.7495901584625244 
560 2.1978890895843506 
561 2.096841812133789 
562 2.083836317062378 
563 1.6539334058761597 
564 1.4607841968536377 
565 1.5156139135360718 
566 1.5845526456832886 
567 1.699067234992981 
568 1.8280513286590576 
569 2.304093599319458 
570 2.0366978645324707 
571 2.1181299686431885 
572 1.8893219232559204 
573 2.0620994567871094 
574 1.8773682117462158 
575 1.863686203956604 
576 1.5750391483306885 
577 2.1498749256134033 
578 2.345280170440674 
579 1.9997026920318604 
580 2.09519624710083 
581 2.1012368202209473 
582 2.1197915077209473 
583 2.058729410171509 
584 2.411043643951416 
585 2.0944719314575195 
586 1.9411031007766724 
587 2.2142443656921387 
588 1.9030019044876099 
589 2.4995317459106445 
590 2.723782539367676 
591 2.453648090362549 
592 2.520206928253174 
593 2.692162275314331 
594 2.0477030277252197 
595 2.5131518840789795 
596 2.4615397453308105 
597 1.7323511838912964 
598 2.3347370624542236 
599 2.215911626815796 
600 2.7341511249542236 
601 2.8663604259490967 
602 2.521397113800049 
603 3.1493618488311768 
604 2.0905017852783203 
605 2.4939956665039062 
606 2.0194573402404785 
607 1.7775368690490723 
608 2.002131462097168 
609 2.076490640640259 
610 2.1657986640930176 
611 2.0987439155578613 
612 2.29805588722229 
613 2.0703768730163574 
614 2.27772855758667 
615 2.2041866779327393 
616 2.1068522930145264 
617 2.1866471767425537 
618 2.5154144763946533 
619 2.308563470840454 
620 2.130875587463379 
621 2.0522100925445557 
622 2.2978177070617676 
623 1.971206784248352 
624 2.120807647705078 
625 1.9122154712677002 
626 2.027231454849243 
627 2.5692381858825684 
628 2.0591278076171875 
629 2.118744373321533 
630 2.5853281021118164 
631 2.1048896312713623 
632 2.2209653854370117 
633 2.1759564876556396 
634 1.9630423784255981 
635 1.7495090961456299 
636 2.586022138595581 
637 1.8978917598724365 
638 2.0183115005493164 
639 2.184526205062866 
640 1.9602516889572144 
641 2.0069103240966797 
642 1.8813966512680054 
643 2.262928009033203 
644 2.8159613609313965 
645 2.3244857788085938 
646 2.392017364501953 
647 2.419684648513794 
648 2.561720848083496 
649 2.521836280822754 
650 2.7008767127990723 
651 2.2956600189208984 
652 2.0773580074310303 
653 2.2374014854431152 
654 2.5418314933776855 
655 1.936113715171814 
656 2.575019121170044 
657 2.198793411254883 
658 2.165358543395996 
659 2.6664271354675293 
660 1.903154969215393 
661 2.0376172065734863 
662 2.130056142807007 
663 2.0691466331481934 
664 2.3368594646453857 
665 2.2903881072998047 
666 1.901566982269287 
667 2.6256351470947266 
668 2.2659151554107666 
669 2.7465994358062744 
670 2.3301119804382324 
671 1.8783036470413208 
672 2.462402582168579 
673 2.0297434329986572 
674 1.993937373161316 
675 2.174612045288086 
676 2.3177847862243652 
677 2.3274948596954346 
678 2.428676128387451 
679 2.3264527320861816 
680 2.084979295730591 
681 2.397528886795044 
682 2.262939453125 
683 2.645860433578491 
684 2.1957099437713623 
685 2.198237657546997 
686 2.143951177597046 
687 2.11896014213562 
688 2.3425474166870117 
689 2.185875415802002 
690 2.757976531982422 
691 2.0637550354003906 
692 2.426379680633545 
693 2.3311195373535156 
694 2.221127986907959 
695 2.7658612728118896 
696 2.908310651779175 
697 2.874551296234131 
698 2.331949234008789 
699 2.382497549057007 
700 2.2938649654388428 
701 2.695296049118042 
702 2.0440709590911865 
703 2.111048936843872 
704 2.467369318008423 
705 2.3774006366729736 
706 2.3189642429351807 
707 2.284454345703125 
708 2.0713882446289062 
709 2.3002474308013916 
710 2.2530484199523926 
711 2.530076026916504 
712 2.498784303665161 
713 2.260605812072754 
714 2.2681515216827393 
715 2.2285213470458984 
716 2.236131429672241 
717 2.130347728729248 
718 2.449019193649292 
719 2.256471633911133 
720 2.2771756649017334 
721 2.3442142009735107 
722 2.1920382976531982 
723 2.378603458404541 
724 2.418031692504883 
725 2.2872061729431152 
726 2.3955087661743164 
727 2.4687774181365967 
728 2.2535228729248047 
729 1.9542324542999268 
730 2.0860588550567627 
731 2.4889323711395264 
732 2.3577542304992676 
733 2.8906097412109375 
734 2.4958577156066895 
735 2.3509185314178467 
736 2.127284526824951 
737 2.3245668411254883 
738 1.908996820449829 
739 2.364210605621338 
740 2.2598962783813477 
741 2.1884665489196777 
742 2.3754429817199707 
743 2.046265125274658 
744 1.8451428413391113 
745 2.344456911087036 
746 2.3595895767211914 
747 2.262897253036499 
748 2.661635637283325 
749 2.284126043319702 
750 2.835409641265869 
751 2.5718302726745605 
752 2.644850492477417 
753 2.864652633666992 
754 2.710094690322876 
755 2.7599120140075684 
756 2.6807844638824463 
757 2.433035373687744 
758 3.1515328884124756 
759 2.3130295276641846 
760 2.330165147781372 
761 2.509443521499634 
762 2.093360185623169 
763 2.482515573501587 
764 2.5537703037261963 
765 2.0677545070648193 
766 2.5616180896759033 
767 2.7744288444519043 
768 2.5700809955596924 
769 2.6691763401031494 
770 2.2058298587799072 
771 2.271662712097168 
772 2.402170181274414 
773 2.4093942642211914 
774 2.4117963314056396 
775 2.4614176750183105 
776 2.25793719291687 
777 2.6978843212127686 
778 2.3486406803131104 
779 2.4005930423736572 
780 2.3282837867736816 
781 2.4857394695281982 
782 2.888345956802368 
783 2.467636823654175 
784 2.592287540435791 
785 2.5743672847747803 
786 2.8885860443115234 
787 2.3057312965393066 
788 2.216477632522583 
789 2.617184638977051 
790 2.5827622413635254 
791 2.230390787124634 
792 1.9229422807693481 
793 2.180926561355591 
794 1.935958981513977 
795 2.66215443611145 
796 2.6275298595428467 
797 2.4823765754699707 
798 2.1221702098846436 
799 2.749218225479126 
800 2.4608123302459717 
801 2.4839634895324707 
802 2.7202296257019043 
803 2.8068575859069824 
804 2.6194844245910645 
805 1.9003138542175293 
806 2.3280551433563232 
807 2.16568922996521 
808 2.5042624473571777 
809 2.1360461711883545 
810 2.2488982677459717 
811 2.240837574005127 
812 2.4902641773223877 
813 2.272380828857422 
814 2.3273818492889404 
815 2.192192316055298 
816 2.503751277923584 
817 2.2433342933654785 
818 2.5341601371765137 
819 2.473362684249878 
820 2.2064220905303955 
821 2.318588972091675 
822 2.1593799591064453 
823 2.409888744354248 
824 2.279517889022827 
825 2.1895651817321777 
826 2.1942243576049805 
827 2.3085575103759766 
828 2.6467418670654297 
829 2.33134126663208 
830 2.3211615085601807 
831 1.882643461227417 
832 2.3379077911376953 
833 2.217169761657715 
834 2.348153829574585 
835 2.0692014694213867 
836 2.421766519546509 
837 2.291159152984619 
838 1.7531007528305054 
839 1.9476127624511719 
840 2.5601718425750732 
841 1.6118748188018799 
842 2.3649096488952637 
843 2.3787457942962646 
844 2.3655927181243896 
845 2.1950247287750244 
846 2.186954975128174 
847 2.5574915409088135 
848 2.7961761951446533 
849 2.5335803031921387 
850 2.712817430496216 
851 2.4597787857055664 
852 2.3597991466522217 
853 1.7906841039657593 
854 2.5270321369171143 
855 2.5256989002227783 
856 2.6022112369537354 
857 2.8193461894989014 
858 2.816539764404297 
859 2.5997538566589355 
860 2.2498841285705566 
861 2.5358669757843018 
862 2.408062219619751 
863 2.1296868324279785 
864 2.0639147758483887 
865 1.8850116729736328 
866 1.9406956434249878 
867 2.4563400745391846 
868 2.4452991485595703 
869 1.8784948587417603 
870 2.010378122329712 
871 2.01184344291687 
872 2.2367634773254395 
873 2.6046903133392334 
874 2.478426933288574 
875 2.316514015197754 
876 2.710766553878784 
877 2.6468355655670166 
878 2.3094615936279297 
879 2.057577610015869 
880 2.116499662399292 
881 2.6053647994995117 
882 2.5876245498657227 
883 2.279851198196411 
884 2.099825143814087 
885 2.4356155395507812 
886 2.4980101585388184 
887 1.9479525089263916 
888 2.2875218391418457 
889 1.9710702896118164 
890 2.5068624019622803 
891 2.8893439769744873 
892 2.7090089321136475 
893 2.2221479415893555 
894 3.087085723876953 
895 1.9950677156448364 
896 2.8973398208618164 
897 2.635206699371338 
898 2.6509268283843994 
899 2.901301145553589 
900 3.1472315788269043 
901 2.6606504917144775 
902 2.667003631591797 
903 2.949108362197876 
904 2.688378095626831 
905 2.7412936687469482 
906 2.9664652347564697 
907 2.803053140640259 
908 2.252929925918579 
909 2.8322973251342773 
910 2.586540699005127 
911 3.3607006072998047 
912 3.053090810775757 
913 3.1013801097869873 
914 3.2309558391571045 
915 2.7723233699798584 
916 3.297769784927368 
917 2.6334664821624756 
918 2.321775436401367 
919 2.559692621231079 
920 2.251816987991333 
921 2.4847564697265625 
922 2.205951690673828 
923 2.4309775829315186 
924 2.3336360454559326 
925 2.7330286502838135 
926 3.029787063598633 
927 3.2446603775024414 
928 3.318331003189087 
929 2.858414888381958 
930 2.0745015144348145 
931 2.114915609359741 
932 2.618351459503174 
933 2.480710506439209 
934 2.5720584392547607 
935 2.0693609714508057 
936 2.506019115447998 
937 2.9918248653411865 
938 2.5438685417175293 
939 2.163203716278076 
940 2.504456043243408 
941 1.7838925123214722 
942 2.8077290058135986 
943 2.1119065284729004 
944 2.0717527866363525 
945 2.4646074771881104 
946 2.4450936317443848 
947 1.8518263101577759 
948 1.8911818265914917 
949 2.5856330394744873 
950 2.0016913414001465 
951 2.561464309692383 
952 2.224195957183838 
953 2.121492624282837 
954 2.641993522644043 
955 2.1113765239715576 
956 2.026094913482666 
957 2.4535040855407715 
958 2.7328367233276367 
959 2.707115411758423 
960 2.5180602073669434 
961 2.464873790740967 
962 2.5588772296905518 
963 2.0994679927825928 
964 2.1416091918945312 
965 2.0238633155822754 
966 2.3789570331573486 
967 2.404531955718994 
968 1.983593225479126 
969 2.212578058242798 
970 2.548555374145508 
971 2.5413477420806885 
972 1.7088282108306885 
973 2.540457248687744 
974 2.1670291423797607 
975 1.861604928970337 
976 2.7717745304107666 
977 1.900865077972412 
978 2.3048505783081055 
979 2.5123209953308105 
980 2.5306789875030518 
981 2.48911190032959 
982 1.974484920501709 
983 2.3025925159454346 
984 1.8493341207504272 
985 2.2097365856170654 
986 2.5540008544921875 
987 2.3730432987213135 
988 2.3628275394439697 
989 2.397627353668213 
990 2.1920924186706543 
991 2.261279582977295 
992 2.0819690227508545 
993 2.1153666973114014 
994 1.8969045877456665 
995 2.1318767070770264 
996 2.497424364089966 
997 1.8512791395187378 
998 2.263972520828247 
999 1.788897156715393 
1000 2.467616558074951 
1001 2.280971050262451 
1002 1.927187442779541 
1003 0.005047344136983156 
1004 1.3755545616149902 
1005 1.2082065343856812 
1006 1.3379871845245361 
1007 1.398108959197998 
1008 1.450485348701477 
1009 1.5704662799835205 
1010 0.8814530968666077 
1011 1.5851845741271973 
1012 1.6097722053527832 
1013 1.2217912673950195 
1014 1.422702670097351 
1015 1.104332447052002 
1016 1.3259199857711792 
1017 1.329194188117981 
1018 1.4671669006347656 
1019 1.8209837675094604 
1020 1.6452617645263672 
1021 1.515336275100708 
1022 1.6228957176208496 
1023 1.4862544536590576 
1024 0.9356904625892639 
1025 1.1494293212890625 
1026 1.3070402145385742 
1027 1.1709153652191162 
1028 2.1306588649749756 
1029 1.8372591733932495 
1030 2.1219334602355957 
1031 1.9248676300048828 
1032 1.908663034439087 
1033 2.024698257446289 
1034 1.5823800563812256 
1035 1.6271486282348633 
1036 1.9865241050720215 
1037 1.765246033668518 
1038 1.7072553634643555 
1039 1.6028996706008911 
1040 2.0286848545074463 
1041 1.8620651960372925 
1042 1.6672818660736084 
1043 2.0365357398986816 
1044 1.8538177013397217 
1045 1.5126415491104126 
1046 1.6200435161590576 
1047 1.6183234453201294 
1048 1.7024378776550293 
1049 1.3063206672668457 
1050 1.469616174697876 
1051 1.6081961393356323 
1052 1.4792462587356567 
1053 1.7187588214874268 
1054 1.1914664506912231 
1055 1.0545623302459717 
1056 1.1896079778671265 
1057 1.4735547304153442 
1058 1.5960923433303833 
1059 1.499103307723999 
1060 1.8807249069213867 
1061 1.7101691961288452 
1062 2.334484338760376 
1063 2.1818912029266357 
1064 1.893770694732666 
1065 1.7074896097183228 
1066 2.4262359142303467 
1067 2.4104671478271484 
1068 1.510364294052124 
1069 1.7555735111236572 
1070 1.574650526046753 
1071 1.4938549995422363 
1072 2.3548638820648193 
1073 1.4611488580703735 
1074 1.590100884437561 
1075 1.5681275129318237 
1076 1.2264295816421509 
1077 1.3903589248657227 
1078 2.1238253116607666 
1079 1.3751517534255981 
1080 1.5508328676223755 
1081 1.6802444458007812 
1082 1.8049349784851074 
1083 2.0510759353637695 
1084 1.6897690296173096 
1085 1.5891540050506592 
1086 1.673714280128479 
1087 2.311833143234253 
1088 1.62939453125 
1089 1.9046553373336792 
1090 1.6619879007339478 
1091 1.8952757120132446 
1092 1.7859138250350952 
1093 1.873042345046997 
1094 1.5300908088684082 
1095 1.396599292755127 
1096 1.371672511100769 
1097 1.800182580947876 
1098 2.28926944732666 
1099 2.648275375366211 
1100 2.5119683742523193 
1101 2.415513515472412 
1102 2.1579182147979736 
1103 1.7074167728424072 
1104 1.5745795965194702 
1105 1.9391344785690308 
1106 1.6615530252456665 
1107 1.502521276473999 
1108 1.9768867492675781 
1109 1.5631532669067383 
1110 1.7615236043930054 
1111 1.735291838645935 
1112 1.550171971321106 
1113 1.5592117309570312 
1114 1.9436075687408447 
1115 1.680088758468628 
1116 1.897674322128296 
1117 1.6219775676727295 
1118 1.5354387760162354 
1119 1.9734480381011963 
1120 2.0912368297576904 
1121 2.1746678352355957 
1122 1.701611042022705 
1123 1.87178635597229 
1124 2.375098705291748 
1125 2.0735626220703125 
1126 3.293771982192993 
1127 3.26216983795166 
1128 3.758971691131592 
1129 3.48878812789917 
1130 3.6102993488311768 
1131 3.602970838546753 
1132 3.6396942138671875 
1133 3.869683265686035 
1134 3.6705217361450195 
1135 4.150507926940918 
1136 3.5376789569854736 
1137 3.907167911529541 
1138 3.0960352420806885 
1139 3.6532816886901855 
1140 3.1139931678771973 
1141 3.371016025543213 
1142 3.265047788619995 
1143 3.2253997325897217 
1144 3.039842128753662 
1145 3.1008148193359375 
1146 3.0284183025360107 
1147 3.395397663116455 
1148 2.871595621109009 
1149 1.933149814605713 
1150 1.7957898378372192 
1151 1.8176532983779907 
1152 1.5899403095245361 
1153 1.4723104238510132 
1154 1.664581537246704 
1155 1.6137092113494873 
1156 1.6644333600997925 
1157 1.501360535621643 
1158 1.3003451824188232 
1159 1.601866602897644 
1160 1.0587129592895508 
1161 1.5136678218841553 
1162 1.3432316780090332 
1163 1.2694271802902222 
1164 1.520550012588501 
1165 1.547464370727539 
1166 1.6169233322143555 
1167 1.317635178565979 
1168 1.7980011701583862 
1169 1.4115902185440063 
1170 1.4080941677093506 
1171 1.383500337600708 
1172 1.4028208255767822 
1173 1.568609595298767 
1174 1.2676323652267456 
1175 1.5840766429901123 
1176 1.21742582321167 
1177 1.4229592084884644 
1178 1.2789876461029053 
1179 1.0510720014572144 
1180 1.2036561965942383 
1181 1.2050820589065552 
1182 1.4917160272598267 
1183 1.1827753782272339 
1184 1.3411840200424194 
1185 1.4957491159439087 
1186 1.477889895439148 
1187 1.5143333673477173 
1188 1.3772908449172974 
1189 1.5893229246139526 
1190 1.371190071105957 
1191 1.233620285987854 
1192 1.2834217548370361 
1193 1.317842721939087 
1194 1.3490904569625854 
1195 1.7278980016708374 
1196 1.7585506439208984 
1197 1.157913327217102 
1198 1.3850431442260742 
1199 1.5328067541122437 
1200 1.735937237739563 
1201 1.3055068254470825 
1202 1.3354051113128662 
1203 1.6307449340820312 
1204 1.7852635383605957 
1205 1.359092354774475 
1206 1.4697678089141846 
1207 1.3837558031082153 
1208 1.4292004108428955 
1209 1.4531482458114624 
1210 1.5483206510543823 
1211 1.7538788318634033 
1212 1.3456635475158691 
1213 1.2702914476394653 
1214 1.2417019605636597 
1215 1.4945536851882935 
1216 1.4011718034744263 
1217 1.5423572063446045 
1218 1.1861703395843506 
1219 1.4616384506225586 
1220 1.4328335523605347 
1221 1.217468500137329 
1222 1.3933918476104736 
1223 1.4362363815307617 
1224 1.281101942062378 
1225 1.2740681171417236 
1226 1.5245542526245117 
1227 1.3087327480316162 
1228 1.2852733135223389 
1229 1.2220135927200317 
1230 1.362118124961853 
1231 1.1406956911087036 
1232 1.6794084310531616 
1233 1.4159188270568848 
1234 1.3413549661636353 
1235 1.3548527956008911 
1236 1.4142985343933105 
1237 1.3824857473373413 
1238 1.218921422958374 
1239 1.334215760231018 
1240 1.5826988220214844 
1241 1.5874719619750977 
1242 1.8008439540863037 
1243 1.2062524557113647 
1244 1.6062939167022705 
1245 1.0720425844192505 
1246 1.6422241926193237 
1247 1.5193719863891602 
1248 2.0554890632629395 
1249 1.2498667240142822 
1250 1.419363021850586 
1251 1.6629831790924072 
1252 1.7973902225494385 
1253 1.2796971797943115 
1254 1.6926217079162598 
1255 1.596154808998108 
1256 1.7760894298553467 
1257 1.4322699308395386 
1258 1.567001461982727 
1259 1.379710078239441 
1260 1.5145056247711182 
1261 1.872271180152893 
1262 1.7249552011489868 
1263 1.4407234191894531 
1264 1.6232736110687256 
1265 1.8184932470321655 
1266 1.5519243478775024 
1267 1.3610806465148926 
1268 1.7938004732131958 
1269 1.7339414358139038 
1270 2.103565216064453 
1271 1.6221599578857422 
1272 1.4768720865249634 
1273 1.5845956802368164 
1274 1.5011152029037476 
1275 1.77818763256073 
1276 1.4848793745040894 
1277 1.4600945711135864 
1278 1.8811511993408203 
1279 1.7696894407272339 
1280 1.247859239578247 
1281 1.474663496017456 
1282 1.5921443700790405 
1283 1.5126686096191406 
1284 1.3096375465393066 
1285 1.3906598091125488 
1286 1.3202078342437744 
1287 1.438659429550171 
1288 1.718108057975769 
1289 1.7118133306503296 
1290 1.5635790824890137 
1291 1.675663948059082 
1292 1.8588756322860718 
1293 1.5187591314315796 
1294 1.577802062034607 
1295 1.6594650745391846 
1296 1.8470786809921265 
1297 1.6984254121780396 
1298 1.5320510864257812 
1299 1.8176109790802002 
1300 1.2912170886993408 
1301 1.515642523765564 
1302 1.747552752494812 
1303 1.3914464712142944 
1304 1.3890308141708374 
1305 1.4080599546432495 
1306 1.8059393167495728 
1307 1.3983830213546753 
1308 1.343874216079712 
1309 1.5836821794509888 
1310 1.334741234779358 
1311 1.5564829111099243 
1312 1.7321770191192627 
1313 1.6911425590515137 
1314 1.5644643306732178 
1315 1.7195028066635132 
1316 1.9987035989761353 
1317 1.7470860481262207 
1318 1.6994847059249878 
1319 1.334884762763977 
1320 1.524289608001709 
1321 1.6275895833969116 
1322 1.6258405447006226 
1323 1.894631266593933 
1324 1.7194750308990479 
1325 1.7187601327896118 
1326 1.5509639978408813 
1327 1.7299082279205322 
1328 2.0866587162017822 
1329 1.881271481513977 
1330 1.813785195350647 
1331 1.928457260131836 
1332 1.8111857175827026 
1333 1.477460503578186 
1334 1.6913951635360718 
1335 1.6384471654891968 
1336 1.671778917312622 
1337 1.6084545850753784 
1338 1.6308411359786987 
1339 1.5575472116470337 
1340 1.6338104009628296 
1341 1.8978921175003052 
1342 1.940969467163086 
1343 1.6929588317871094 
1344 1.621639370918274 
1345 1.4208661317825317 
1346 1.4423950910568237 
1347 1.6850837469100952 
1348 1.6296430826187134 
1349 1.3173062801361084 
1350 1.6279919147491455 
1351 1.8595260381698608 
1352 1.6717225313186646 
1353 1.664932370185852 
1354 1.5199670791625977 
1355 1.5240343809127808 
1356 1.6781286001205444 
1357 1.917343258857727 
1358 1.669010043144226 
1359 1.4888942241668701 
1360 1.6925349235534668 
1361 1.435644268989563 
1362 1.1745144128799438 
1363 1.5858657360076904 
1364 1.349051594734192 
1365 1.4100451469421387 
1366 1.274369716644287 
1367 1.2933242321014404 
1368 1.474830150604248 
1369 1.4813807010650635 
1370 1.8228957653045654 
1371 1.4539730548858643 
1372 1.6762847900390625 
1373 1.6102232933044434 
1374 1.5666401386260986 
1375 1.7649163007736206 
1376 1.7340947389602661 
1377 1.8836264610290527 
1378 1.4952882528305054 
1379 1.745504379272461 
1380 1.905268669128418 
1381 1.605453372001648 
1382 1.6730777025222778 
1383 2.0313684940338135 
1384 1.7354062795639038 
1385 1.616222858428955 
1386 1.650603175163269 
1387 1.7316250801086426 
1388 1.662001609802246 
1389 1.3656184673309326 
1390 1.499574065208435 
1391 1.421574354171753 
1392 2.0548787117004395 
1393 1.769375205039978 
1394 1.6611207723617554 
1395 1.5763418674468994 
1396 1.6265653371810913 
1397 1.518204689025879 
1398 1.4462450742721558 
1399 1.717538595199585 
1400 1.8436702489852905 
1401 1.3540741205215454 
1402 1.5858789682388306 
1403 1.797399878501892 
1404 1.7984496355056763 
1405 1.667461633682251 
1406 1.594782829284668 
1407 1.8342785835266113 
1408 1.617706298828125 
1409 1.6981991529464722 
1410 1.6415327787399292 
1411 1.9015179872512817 
1412 1.761391520500183 
1413 2.0473248958587646 
1414 1.800776481628418 
1415 1.7116910219192505 
1416 1.7664542198181152 
1417 1.7332767248153687 
1418 1.5917527675628662 
1419 1.5470505952835083 
1420 1.6433552503585815 
1421 1.5822279453277588 
1422 1.7895307540893555 
1423 1.5200248956680298 
1424 1.8117320537567139 
1425 2.1523356437683105 
1426 2.138062000274658 
1427 1.882961392402649 
1428 2.0229485034942627 
1429 1.8485112190246582 
1430 1.6380823850631714 
1431 1.5561192035675049 
1432 1.6579042673110962 
1433 1.422719955444336 
1434 1.7648224830627441 
1435 1.494582176208496 
1436 1.6540980339050293 
1437 1.8522570133209229 
1438 1.6324442625045776 
1439 1.4882758855819702 
1440 1.4319226741790771 
1441 1.4700723886489868 
1442 1.838114619255066 
1443 1.6900508403778076 
1444 1.5125609636306763 
1445 1.704830527305603 
1446 1.4573419094085693 
1447 1.5956697463989258 
1448 1.6485686302185059 
1449 1.5758692026138306 
1450 1.6940621137619019 
1451 1.6067804098129272 
1452 1.4837905168533325 
1453 1.694109559059143 
1454 1.7916433811187744 
1455 1.5125843286514282 
1456 1.7027006149291992 
1457 1.730329990386963 
1458 1.980299472808838 
1459 2.0172841548919678 
1460 1.8001692295074463 
1461 1.7192283868789673 
1462 1.9077866077423096 
1463 1.6838655471801758 
1464 1.57302987575531 
1465 1.8795373439788818 
1466 1.6484214067459106 
1467 1.652634859085083 
1468 1.4327852725982666 
1469 1.6805064678192139 
1470 1.6429877281188965 
1471 1.5383288860321045 
1472 1.4368563890457153 
1473 1.5030217170715332 
1474 1.638318419456482 
1475 1.7916866540908813 
1476 1.815412998199463 
1477 1.4744104146957397 
1478 1.508157730102539 
1479 1.6241872310638428 
1480 1.6563369035720825 
1481 1.6243847608566284 
1482 1.4780281782150269 
1483 1.61753511428833 
1484 1.67964768409729 
1485 1.4746510982513428 
1486 1.3290550708770752 
1487 1.447731614112854 
1488 1.3692810535430908 
1489 1.6523528099060059 
1490 1.4588518142700195 
1491 1.4950947761535645 
1492 1.1643893718719482 
1493 1.4773057699203491 
1494 1.4661203622817993 
1495 1.522294282913208 
1496 1.4840002059936523 
1497 1.3735005855560303 
1498 1.6466286182403564 
1499 1.5329545736312866 
1500 1.7172192335128784 
1501 1.56819486618042 
1502 1.381443738937378 
1503 1.2320756912231445 
