freeSelLabel VAL 78
0 38.96331461592325
1 10.345040263992944
2 10.446815465165464
3 10.607721553852004
4 10.734851310324142
5 10.353003946609407
6 10.798069449821723
7 10.596142825891476
8 9.981416952815675
9 9.625798961113412
10 10.137197147842771
11 10.600882193700047
12 11.725792525018386
13 12.014446184507202
14 13.095654136295032
15 16.762271724840947
16 16.953669684696795
17 18.478507024987763
18 18.41049079401728
19 18.560241376682608
20 18.34418961642991
21 19.046235998410108
22 19.148404615633666
23 18.980681004587684
24 19.854214814061937
25 21.057734070420715
26 21.72589678547885
27 20.794253608344828
28 21.624857626442214
29 21.935058998478244
30 23.057304223747863
31 23.404052029439143
32 24.242610196477244
33 24.5254007861492
34 24.51053090658766
35 24.60270141069136
36 24.700260790162766
37 24.860140747872514
38 25.26631612988718
39 27.03698512104232
40 27.508128035629237
41 27.672105662598522
42 29.449926893173984
43 31.564233324001226
44 32.08923342206219
45 32.89674286755222
46 35.445008426774976
47 36.238157699512705
48 37.26263984351159
49 38.079187933453376
50 38.41958061888028
51 38.963316442989125
freeSelLabel ASP 110
0 42.47777479314873
1 6.471049738163503
2 6.2022439415669215
3 6.331695146223316
4 6.778740144416538
5 6.008828806729712
6 6.397319965812128
7 6.503798333385074
8 6.729256146126712
9 6.867115440528566
10 7.024094453519183
11 7.4721518252882
12 10.900153320280804
13 11.205291967701697
14 12.562998848305067
15 17.009449804922596
16 17.368083494623566
17 19.191190997654033
18 19.068308025377235
19 19.196641553230712
20 19.318879559196994
21 19.460382398999496
22 19.879716899018728
23 19.82491619173057
24 20.90897602249252
25 22.33129085144853
26 23.931381384675465
27 23.14233684508628
28 23.631239498391274
29 24.03288682002485
30 25.148754685137643
31 25.858054321404808
32 26.702727444024656
33 27.17788367726173
34 27.331231973367387
35 27.257069446073878
36 27.212287881569626
37 27.467984311478506
38 27.920526115067823
39 29.78259509485417
40 30.389508839643092
41 30.453891266655194
42 32.533146963865455
43 34.57376236426608
44 35.27606071522012
45 36.26038170219753
46 38.98993362023553
47 39.600292827590046
48 40.626158087581096
49 41.408328056653914
50 42.03818149203729
51 42.47777453241617
freeSelLabel VAL 111
0 40.54175174527096
1 5.3149328383029975
2 5.637942608066389
3 5.901948882165139
4 5.631200861939625
5 5.3448155027564965
6 5.171747040087674
7 5.548838727608282
8 5.828425401762646
9 6.19679241302672
10 5.4136225673471285
11 5.334137583361134
12 8.552649542180342
13 8.868703369406113
14 9.666567907964232
15 13.60835433222523
16 13.820292206876978
17 15.459562057776129
18 15.440818118394798
19 15.686300349313179
20 15.471087794141203
21 15.87622829554334
22 16.430862037197116
23 16.474255550236766
24 17.687702921368732
25 19.00058111743414
26 20.54932015044188
27 19.795168430958245
28 20.5913777179071
29 20.941141804084914
30 22.014923766937503
31 23.331313843534044
32 23.88581562524667
33 24.637806716392035
34 24.689182867289198
35 24.31486547862874
36 24.395479105576214
37 25.050464524677555
38 25.513251001893636
39 27.154896599139914
40 27.71272180681684
41 27.794064300888987
42 29.839128746979885
43 31.931690746131316
44 33.08002967271979
45 33.83136636645322
46 36.8845570220472
47 37.55720210669429
48 38.60520444766944
49 39.417377489649404
50 40.269786385211326
51 40.54175220878627
freeSelLabel MET 113
0 36.847209320065396
1 10.707559703967261
2 10.294175998718702
3 11.028652935691708
4 10.68988188538915
5 10.455551748197173
6 10.402627560622898
7 10.26812020285745
8 10.281719249541066
9 10.464175335463336
10 10.615570686026542
11 10.314390288249284
12 12.051117758435593
13 12.125536188803235
14 13.055830149627678
15 15.677059440517843
16 15.469220318373154
17 16.599600826976882
18 16.61932114964452
19 16.672155557622514
20 16.642683658683133
21 16.757347085473285
22 17.190232790164327
23 17.02684626072556
24 17.94092002092748
25 18.774058937685208
26 20.07072507325261
27 19.06578650613436
28 19.51398871084279
29 19.430123715018794
30 20.82961528067053
31 21.3255046276871
32 21.890221492560926
33 22.7315472113629
34 22.3556901804797
35 22.351071319368295
36 22.434180082904177
37 22.59203085932195
38 22.896584654037017
39 24.39321947840378
40 25.248584947581065
41 25.501081752732993
42 27.181198108060524
43 29.223192015092547
44 29.918714381420862
45 30.63504182670658
46 33.300916833079135
47 33.76371191239189
48 34.66660602031033
49 35.369976644258536
50 35.94829530660419
51 36.847209320065396
freeSelLabel CYS 114
0 38.666019326747424
1 5.995238602059428
2 5.985553937986219
3 6.355912419506646
4 5.810739732211946
5 6.132002439991103
6 6.181394204667004
7 5.7256255462684225
8 5.511930867861992
9 5.524767675664931
10 5.3486274714526605
11 5.125071859325667
12 6.690879205224799
13 6.97559478763051
14 7.885538644229167
15 11.970885807585775
16 12.270023424984206
17 14.173727695308173
18 14.0163672620217
19 14.461259434981429
20 14.145074453179646
21 14.480253314830565
22 14.367528216034579
23 14.505412790592134
24 15.731920379257666
25 17.58915882657415
26 18.85076083775425
27 18.345738707027294
28 18.73454257789766
29 19.134366810781138
30 20.445936867044395
31 20.987145456721812
32 21.602034311905154
33 22.395226120078448
34 22.32766983536277
35 22.333525814585393
36 22.720536907932722
37 23.04245601064192
38 23.646535311187396
39 25.390545636128465
40 26.063134915724422
41 25.977374723133043
42 27.864169859099945
43 29.943789736747043
44 31.00925279322753
45 31.696345040345214
46 35.121619867301895
47 35.522445886880405
48 36.515980629769246
49 37.38656784228868
50 38.11640806461189
51 38.666019326747424
freeSelLabel THR 115
0 36.01817107360056
1 7.61172502508034
2 7.699912085669728
3 8.047775279303705
4 7.5029851920090005
5 7.589715194777029
6 7.673247100807943
7 7.420514869793972
8 7.10073767836686
9 7.198437603381869
10 6.435236658332373
11 5.494672953764579
12 5.487783988506947
13 5.1538744703433235
14 5.991783374982643
15 8.66306676779863
16 8.807126332968743
17 10.392089064261988
18 10.404002161576306
19 10.921160883588746
20 10.422647562326073
21 10.789401462321132
22 11.032618027896389
23 11.199505159099397
24 12.398851376546977
25 14.147611842715078
26 15.461347352640313
27 14.887636567265695
28 15.300685028608926
29 15.948984566809802
30 17.09690274857901
31 18.007763804318383
32 18.833702860000116
33 19.693802802197467
34 19.69031658196424
35 19.399225582023288
36 19.691998862888628
37 20.0949608482001
38 20.455256564276027
39 22.622600525704573
40 22.91723685093678
41 23.406689931092078
42 25.25711900949619
43 27.181049312589288
44 28.368926227095937
45 29.174278620343106
46 32.520639085433736
47 32.88470400247592
48 34.14043648879147
49 34.80370386282947
50 35.50028092488806
51 36.01817183224224
freeSelLabel ALA 116
0 32.694638675197055
1 11.314231240794896
2 11.288440133231097
3 11.821583086661633
4 11.150309234564427
5 11.40312759470907
6 11.362217499040293
7 11.249069321795222
8 10.734813891549726
9 10.87932196309063
10 10.63425905898525
11 9.677283890888651
12 9.005361602072332
13 8.471590591322745
14 9.243310060918226
15 10.358461779030316
16 9.890914265218804
17 10.915431120921042
18 11.00406277357165
19 10.829763249004827
20 10.795047723541169
21 10.904547663737757
22 11.218908867462696
23 11.306726043650936
24 11.774974302557716
25 12.952984190168909
26 13.869031545454332
27 13.512295737117618
28 13.698163197912363
29 14.144784110117145
30 15.10551015841719
31 16.01053588193175
32 16.53964793206307
33 16.93355046104834
34 17.095478128858986
35 17.278725928486136
36 17.163668039895086
37 17.409929102607073
38 17.9862348862947
39 19.713343552092354
40 20.189836104887487
41 20.445904275963827
42 22.326761533621884
43 24.621775409722147
44 25.20740864069669
45 25.97634111498783
46 29.374248437933463
47 29.56037645132185
48 30.73514702010039
49 31.521832573190263
50 32.01821955463845
51 32.69463929815637
freeSelLabel SER 117
0 33.9918496349765
1 11.00242356183676
2 11.316228596317533
3 11.57911560923942
4 10.572856266205502
5 11.215378073270543
6 11.08052929864885
7 10.61805097798254
8 10.150134665273145
9 9.84886927512962
10 9.852511344576088
11 9.204696112967284
12 8.279381295989277
13 8.052014230622456
14 8.927780374154457
15 10.964645444351207
16 10.702518219870568
17 11.999129692932915
18 11.903641892046942
19 12.011863663271312
20 12.090230381378998
21 12.112042891061003
22 12.249300340344034
23 12.25635133771783
24 12.976081900610886
25 14.400126406658737
26 15.222565120520219
27 14.717828563808174
28 15.507332975246767
29 15.556323150786122
30 16.81859179896608
31 17.16698926262714
32 17.83061526591499
33 18.52906366785215
34 18.09838636856039
35 18.803432121318355
36 18.32209808042899
37 18.552010994260918
38 19.164471055881965
39 20.86817791068174
40 21.18406227167216
41 21.785664789977567
42 23.686053349952378
43 25.52474013138423
44 26.39468982111436
45 27.52996173456543
46 30.55589296048497
47 30.918527214940937
48 32.20287718328454
49 32.65165388410961
50 33.0999812700919
51 33.991853042234034
freeSelLabel ILE 118
0 35.307723011324654
1 9.865083425942228
2 10.033596723157169
3 10.224827565297948
4 9.049075610121164
5 9.5927351616575
6 9.395632525479604
7 8.974534820767717
8 8.752678192154855
9 8.076729986325367
10 7.784515484059159
11 7.246775325100525
12 4.949668574316974
13 4.662000836128646
14 4.965957950408224
15 7.059922930816801
16 7.253415199244278
17 9.208748101275724
18 9.255603435254761
19 9.419511366814836
20 9.33948355457144
21 9.522062470626238
22 9.885405104807917
23 9.929559970778234
24 10.500704673920312
25 13.084263430192733
26 14.228407716658959
27 13.667095567037833
28 15.022861223321396
29 14.834841111546679
30 16.20945742280106
31 17.249262497333934
32 18.02787359697841
33 18.608418806632905
34 18.356082541839093
35 18.426123802456868
36 18.62498435356869
37 18.656238433282915
38 19.33105684010303
39 21.069935832817155
40 21.617457907085555
41 21.946264567625295
42 24.174433720435786
43 26.41776278126214
44 26.866280909703043
45 28.40165015893697
46 31.64074854517036
47 32.18272653395956
48 33.37570631373959
49 34.14638359802156
50 34.34908343165295
51 35.307723011324654
freeSelLabel LEU 119
0 31.115811811950678
1 13.162936393620774
2 12.991927113416343
3 13.40949004970665
4 12.49010235358268
5 12.650709939982523
6 12.54433028013742
7 12.368013331763926
8 11.938073737921343
9 11.520788273488312
10 10.643753602074161
11 9.684890336028529
12 7.41032042973787
13 7.167057090892849
14 6.791269467541171
15 5.884584596592603
16 5.078693606160154
17 5.693064221002305
18 5.628153958155503
19 5.785206527748569
20 5.675609097900857
21 5.700457021108435
22 5.826346292661485
23 6.12034120954287
24 6.687663937591767
25 8.778539339322759
26 9.973523524692773
27 9.143623135151826
28 10.231658048366693
29 10.303460168564106
30 11.993798062611807
31 12.982541073300794
32 13.66137255083656
33 14.322239352059611
34 14.234888752807047
35 14.376779703054446
36 14.427527491523717
37 14.831273713394053
38 15.335055448868053
39 17.016915060219944
40 17.588088719817904
41 18.056904175729613
42 20.227649916060905
43 22.51140356984322
44 23.018667230081995
45 24.351028221304407
46 27.406866180983656
47 28.145599803182886
48 29.274945042685278
49 29.956673747493536
50 30.368367843654926
51 31.11581231833201
freeSelLabel LEU 121
0 31.3382167762608
1 15.762546151362375
2 16.17423217404583
3 16.245095862626474
4 15.31095987153938
5 15.401675387328716
6 15.079514267354
7 14.470096309998935
8 14.033683524864411
9 13.75172235610183
10 13.734093513640685
11 12.61969818567399
12 9.899694610455468
13 9.972672784060018
14 9.312917301738072
15 9.086816869450988
16 9.363876411593878
17 10.131093162478956
18 10.213626892135752
19 9.80096760267454
20 10.27968957133657
21 10.006547193064385
22 10.03053481280266
23 10.174743110399776
24 10.281811457981135
25 11.752881413646106
26 12.558943645642136
27 11.934820965290811
28 13.388103847696675
29 13.40455987682945
30 14.118208763708742
31 14.52148100835393
32 15.234498982011926
33 15.683892860077153
34 15.181893058130921
35 15.412177957093045
36 15.412934586432582
37 15.426267378039132
38 16.279650234475046
39 18.133031837509968
40 17.922239035150028
41 18.599941771167394
42 20.59736957193175
43 23.048867433261375
44 23.1333843783539
45 24.710987690483122
46 27.787093516853695
47 28.265146807928932
48 29.69249435956914
49 30.218685715293876
50 30.68207923011413
51 31.33821726161388
freeSelLabel CYS 122
0 29.825635225380793
1 16.327084891473916
2 16.359032566582613
3 16.41678304715448
4 15.246364375155158
5 15.962436395051405
6 15.506304219063686
7 15.184456971013073
8 14.798554488359281
9 14.558894825181616
10 13.524969481869569
11 12.985055579116441
12 9.379988994887615
13 8.489746656453077
14 7.79814889776995
15 5.31630645218521
16 5.112697088480986
17 5.144647900837049
18 5.450396830030619
19 5.128464500554429
20 5.430244616199586
21 5.247546398733381
22 5.476817098795026
23 5.511207963597929
24 5.435389701178806
25 7.54725294062059
26 8.557224620966437
27 8.251080861190532
28 9.522423525654657
29 10.04778491547217
30 11.04428352576811
31 11.77439703668641
32 12.617871602090418
33 13.336937877567857
34 12.731132360616984
35 12.924453542071582
36 13.161018094958921
37 13.092266089408989
38 14.000743037595198
39 15.804491878493849
40 15.614019836181509
41 16.403931851955935
42 18.77380519390736
43 21.01401177673346
44 21.32374143563851
45 23.08312245011333
46 26.120264500732553
47 26.787280861586176
48 28.066148005242926
49 28.63669379345243
50 29.138840416015018
51 29.825642624277215
freeSelLabel LEU 160
0 30.84047202620057
1 15.634444864716293
2 15.291038723840973
3 15.40225683187637
4 15.235910744896906
5 15.042716686787667
6 14.650956833813854
7 14.556115795211152
8 14.319212957652493
9 14.475485094431663
10 13.046275364030514
11 12.308121078734908
12 11.367577716252555
13 11.110136813550263
14 10.670449683679841
15 9.119236913429576
16 8.146746975736532
17 7.491404321012714
18 7.311190771834923
19 7.631064431072706
20 7.631875370446103
21 7.382245452271345
22 7.995273565234907
23 8.434159087237893
24 9.564529030496173
25 9.409597962709803
26 10.26695161540051
27 10.222682789471007
28 10.260107504449794
29 10.745713687410705
30 11.893903258514982
31 13.433305143399172
32 13.979949912384324
33 14.647690386862331
34 15.022613887744981
35 14.275965948871523
36 14.563397629536283
37 14.879749267694597
38 15.45097746180676
39 16.438351720666226
40 17.58542591041517
41 17.838309323165802
42 20.16993431438402
43 22.432132905646657
44 22.781147842747664
45 23.538112378136127
46 27.12442765994419
47 27.53808677366715
48 28.809494329226926
49 28.8300403980169
50 30.58721490970243
51 30.840472213096806
freeSelLabel VAL 164
0 36.84809496210518
1 11.467633538776145
2 11.108270786434236
3 11.411507461456045
4 10.926322617528971
5 10.827639915622306
6 10.793697536031502
7 11.073809432631855
8 10.831686397945193
9 11.070010543936666
10 9.838405388477755
11 9.290941838774819
12 10.210662963125923
13 9.614618038685991
14 9.500484185396877
15 11.376181959920324
16 10.439880379490642
17 11.332984994879261
18 10.791418823525875
19 11.521031210582267
20 11.427414667207001
21 11.783315878954612
22 12.387295911057759
23 12.719017721602633
24 13.741796414213113
25 15.048375771265457
26 16.156297377769597
27 16.14979828416496
28 16.884150267210796
29 17.245970426370373
30 18.476940556777492
31 19.767509104022704
32 20.17881452401012
33 20.977822817989033
34 20.92298416544214
35 20.343528124374778
36 20.598908115277034
37 21.282648129512026
38 21.325733729317474
39 22.76528175108129
40 23.534246827092705
41 24.317287537421468
42 26.100620309241435
43 28.615979185917812
44 29.083581745634763
45 29.8897281362934
46 33.38142488427332
47 33.87597432091863
48 35.24683279846605
49 35.38324262485818
50 36.38510287080886
51 36.84809526393328
freeSelLabel SER 192
0 40.50035063224967
1 10.45444189867236
2 10.464581703300224
3 9.958639820697401
4 10.023849588848972
5 10.0865307695554
6 10.220477759467045
7 10.167453349162393
8 9.82014033294975
9 10.547292569772244
10 9.179463886910163
11 8.55953644651062
12 9.329016521967729
13 9.541836913206819
14 9.436148135160181
15 11.228725735486451
16 10.940349608197748
17 12.307043010054043
18 12.09179699451617
19 12.26186443412055
20 12.728084908871454
21 12.714612561315851
22 12.95689680555619
23 13.277280852438288
24 14.688464636309039
25 16.05004403401867
26 17.92560622111405
27 17.933031443314036
28 19.395369944561693
29 19.36703440574926
30 20.732868166437633
31 22.053123162697876
32 22.908626758404232
33 23.535673404425033
34 23.56124887880275
35 23.603132321619782
36 23.29971593865746
37 23.84861749045136
38 24.30602628557347
39 26.299007683006742
40 26.39126183170804
41 27.1909341783095
42 29.30369060607694
43 31.70183833580002
44 31.986685601850603
45 33.670996380550996
46 36.49792661307091
47 37.453826866998874
48 38.127496133424245
49 39.426722645363924
50 40.05375337016079
51 40.50035138154389
freeSelLabel SER 193
0 40.561267268466636
1 10.8266481981568
2 10.845421810623662
3 10.357380257326339
4 10.818976645109627
5 10.228552551486993
6 9.361781615993038
7 9.166836240968115
8 9.743710899178947
9 9.126012591999148
10 8.44226983592417
11 7.668381762830905
12 7.506045294999606
13 7.694498266553543
14 7.614243658247072
15 9.319008457992004
16 10.184558623205666
17 11.446298752861122
18 11.261476493855021
19 11.751372823136746
20 12.113563404174766
21 12.72635258812752
22 12.976148913028238
23 13.58636940447245
24 15.082516260150856
25 16.211851395105427
26 17.623266449619077
27 17.304093213345908
28 18.796063677968338
29 18.46436319850311
30 19.723654842410756
31 21.271939553934875
32 22.042859597856967
33 22.7781906315794
34 23.190045298976763
35 23.501695278305213
36 23.172012095019134
37 23.930988463385372
38 24.514019828737418
39 26.56610298654709
40 26.191334905563778
41 27.36630277535864
42 29.37150441046896
43 31.721786205146582
44 31.76877060935397
45 33.58582806115827
46 36.791904378562855
47 37.546785559040295
48 38.09989680086731
49 39.188938798469074
50 39.93272913784831
51 40.56126845818983
freeSelLabel VAL 194
0 37.84091345176251
1 14.978561932188214
2 15.101078925648801
3 14.83606644710613
4 14.811797786292516
5 14.262115283749885
6 13.69980832052853
7 13.221969677681985
8 13.705287671228454
9 13.293031865392892
10 12.513136074348061
11 11.975358887033924
12 10.593736129103435
13 10.60486866432849
14 9.209349919651753
15 7.993555355737052
16 7.807773216335758
17 9.003384866988727
18 8.866399918731606
19 9.443621922183699
20 9.81176703375022
21 10.506992525199063
22 11.728673256599299
23 12.104614248227676
24 14.442620450873875
25 15.019692255317082
26 16.106150382472666
27 14.883394788589996
28 16.263622739036816
29 16.104857082833124
30 17.48596320830276
31 19.29341409883487
32 19.887865711656833
33 20.581016809611082
34 20.540679729778535
35 20.894731625688973
36 20.32291801591369
37 20.982305210735188
38 21.61661330411783
39 23.82537045449317
40 22.96056251692105
41 24.431899124452922
42 26.640770810247663
43 28.736143019622684
44 28.280878558071887
45 30.17245820394549
46 33.392370571977935
47 33.927533990743335
48 34.6502663115391
49 35.98629965357847
50 37.11137539346853
51 37.84091764835588
freeSelLabel VAL 195
0 34.91077307836548
1 14.674123312841154
2 14.668278438513875
3 14.785112948230045
4 13.811851310485233
5 13.986577706131037
6 13.775023462281744
7 13.721210593008673
8 12.978644189101985
9 13.590846503081096
10 12.190961481056165
11 12.862804258328296
12 11.059958433455744
13 11.308301902044315
14 9.86287905111036
15 9.30974721864245
16 9.092725879984
17 9.852084277686636
18 9.774199326751079
19 10.186412500502565
20 9.672472442619664
21 9.364616578237126
22 9.375924886359984
23 9.922577365362788
24 10.886933151398868
25 11.702320437059983
26 12.55109411836269
27 11.884485368990042
28 13.453522434972985
29 12.998354254277585
30 14.399504234860956
31 16.084163665387425
32 16.634717649304473
33 17.522009930034343
34 18.1070208514721
35 17.828270492442503
36 18.07724228986807
37 18.898591992558888
38 19.13505196736627
39 20.691389956144707
40 21.084995034654845
41 21.892744023193647
42 23.77900250892118
43 26.310526603077953
44 26.917899056822144
45 28.472733300311877
46 30.80771603502459
47 31.81817864953887
48 32.74958394729163
49 34.21840550347378
50 34.98281407459082
51 34.9107776707816
freeSelLabel SER 196
0 36.92763846186935
1 11.074376092899108
2 10.842397777744502
3 10.722690034153421
4 9.636056437527369
5 9.717831632140385
6 9.61269485116414
7 9.339458548445291
8 8.838919476456946
9 9.150011470955466
10 9.17841877303756
11 9.385415246371831
12 8.046156318518676
13 7.74822205957098
14 5.108804654168303
15 5.311304397922063
16 6.265923676361679
17 6.811042022435674
18 7.271661643269612
19 7.441237100370527
20 7.504645344534357
21 7.348118999715573
22 7.188416958543616
23 7.66397371162233
24 8.736939635141916
25 8.427521887912425
26 9.533068146917616
27 8.89569199739912
28 10.357909986953793
29 10.477220270284032
30 12.397524496630597
31 12.96124339509576
32 14.65364620677273
33 16.26492660744419
34 19.867092524952408
35 20.020524450999496
36 19.81181338148027
37 20.38092816885308
38 21.10718716506393
39 22.89462608793167
40 23.054343667284076
41 24.00841938186304
42 26.360145833985634
43 28.4488801890418
44 29.17005598680617
45 30.69673741058865
46 33.49708760433389
47 34.49861704702856
48 35.35635495969907
49 35.959943807362116
50 36.64199910796122
51 36.92763885009267
freeSelLabel LEU 335
0 33.19442093310808
1 18.560110136767264
2 18.314575811867563
3 18.657331719243874
4 17.84443297821484
5 18.3063614371573
6 17.82843514138142
7 17.43036321161741
8 16.953463154248396
9 16.257037050800413
10 16.401511514868613
11 16.060617304981676
12 12.222508218325958
13 11.558649670864021
14 11.161826063739316
15 10.43419009259433
16 12.147757452469978
17 12.555346028053826
18 12.654625690828679
19 13.07953916574286
20 12.850823606864742
21 12.788586574298343
22 12.472311364336504
23 12.767972842035753
24 12.511335659420965
25 14.826880200049292
26 14.819702993328763
27 14.677227340389697
28 15.921436677630739
29 15.720145830278751
30 15.904082198354285
31 16.427168843211707
32 16.72778470067293
33 17.52619056551782
34 16.874391015107573
35 17.490294588445753
36 17.659466844271666
37 17.54028849218637
38 18.35955847108025
39 20.06050412101255
40 20.359949532238915
41 21.164193039828398
42 22.79366476800868
43 24.309585517209758
44 25.42105146925792
45 26.61210642371764
46 30.202958695637573
47 30.412835176911855
48 31.572177144209373
49 32.444454457639594
50 32.76510767699163
51 33.194429464546644
freeSelLabel PHE 338
0 37.170569244355015
1 13.06649676444543
2 12.960498775610347
3 13.098650944923177
4 12.286312253808205
5 12.667021173002597
6 12.532270093762788
7 12.014269496945579
8 11.54222319917804
9 10.975967568906462
10 11.480530477951495
11 11.75395733923169
12 8.717905081506714
13 8.661555764428972
14 9.100161272088277
15 11.0206212196672
16 13.186697033612578
17 14.279938689729544
18 14.0752521104654
19 14.714350003568867
20 14.089246801287977
21 14.19851032865255
22 13.711986135231236
23 13.739099953126754
24 14.010316634457588
25 16.244885604808122
26 17.193501672957396
27 16.37304712011837
28 18.00501430611507
29 17.43973304232197
30 18.445102747423974
31 19.305347763890314
32 20.34472103470427
33 20.54527473663751
34 19.751920419088716
35 20.611454172410763
36 20.782966610221433
37 20.57107073766129
38 21.640695024120706
39 23.594441096831844
40 23.680625144221853
41 24.213532849027697
42 26.32335466300101
43 28.25225267419996
44 29.118350080557146
45 30.282265144068084
46 33.63672488922275
47 34.28160447067599
48 35.55500092248332
49 36.05439930922154
50 36.55668284715358
51 37.17057532901647
freeSelLabel ILE 339
0 39.82485945802615
1 15.549259663689314
2 15.826310341740506
3 15.413147356251878
4 14.95538652319245
5 15.382133232855232
6 15.633821798591168
7 14.735213504568046
8 14.87506279469608
9 14.418666576871999
10 14.367661747473988
11 14.802861431291314
12 11.891918700785675
13 11.61499806888658
14 10.69383130672746
15 12.807588707208014
16 15.03456029830286
17 16.289934711585612
18 15.746315885379843
19 16.799629557825092
20 17.180629783433712
21 16.364893707700094
22 16.455255068469366
23 17.02879322310674
24 16.694814172031283
25 19.54904205502964
26 19.374211283811754
27 19.080319320311013
28 20.704742590090145
29 20.478855523953378
30 20.901217596345287
31 21.704012376039394
32 22.20869975558075
33 23.2177905737348
34 22.154694751833418
35 23.445546326598347
36 23.02027592746918
37 23.003513863635355
38 23.616264066667817
39 25.795479678616296
40 25.83294379417911
41 27.058524251081284
42 28.89897809948386
43 31.60116087320642
44 32.18131841903844
45 33.0787107048817
46 35.94127249119722
47 37.395405369705145
48 38.28061107980347
49 39.192824189260385
50 39.48550860508719
51 39.824861803090066
freeSelLabel TRP 342
0 40.996909135805964
1 7.936392748835477
2 8.093874989300788
3 7.9707074031157035
4 7.6763535077987575
5 7.9614871766334545
6 7.588304112718226
7 7.326139377314058
8 7.283203156938195
9 7.0157108709513505
10 7.358537213276694
11 7.902629984783996
12 6.1603058502680925
13 6.907158598777375
14 7.743406577408707
15 12.028996682698669
16 14.086934158206889
17 15.797125737088452
18 15.707126234310183
19 15.68878841646242
20 15.980611579641163
21 16.250306204348806
22 16.30103443361296
23 16.628108206856986
24 17.71333759314225
25 19.38546342860445
26 20.613533009671954
27 19.538257539110187
28 21.452465927841917
29 21.158567192131315
30 22.28590768266005
31 23.24132291551836
32 24.180722460407654
33 24.623623336190402
34 23.98579727279296
35 24.682692926075365
36 24.46336071626905
37 24.858497247454423
38 25.62859471015512
39 27.520005906898295
40 27.472533319394067
41 28.309124596378396
42 30.322383422592335
43 32.7171504925213
44 33.05460211705878
45 34.42470970232287
46 37.83389840308186
47 38.228536375104284
48 39.502757879697945
49 40.23940167556402
50 40.36268196288443
51 40.996911164511765
freeSelLabel PHE 345
0 45.531545292400374
1 5.84048578973031
2 5.904699339012256
3 5.765284586600266
4 5.98688450720279
5 6.312686218868858
6 6.608391885930769
7 6.450469516023857
8 6.511976726414448
9 6.745173623897426
10 6.671313624716284
11 7.966425362589444
12 8.304506138350568
13 9.54177742414194
14 10.157866313131388
15 15.2447494050985
16 17.14856499651909
17 18.823586691704417
18 18.538059707570667
19 18.48596213653276
20 19.1616794461345
21 19.380495901314625
22 19.56932918095893
23 19.865245327116504
24 21.050462598848586
25 23.001815870989013
26 24.38162740907761
27 23.332966638497286
28 24.98698080639931
29 25.14438441631546
30 26.48401168876868
31 27.321976305609535
32 28.06064533414205
33 28.32029524367554
34 27.999997953274217
35 28.716308374796665
36 28.18078913220243
37 28.990385782696396
38 29.827986360379303
39 31.29562158987942
40 31.922543029880547
41 32.5963077256501
42 34.51644770390342
43 37.33225623843318
44 37.130756818798545
45 38.71928464482244
46 41.832902126706024
47 42.48310059740501
48 43.59309764027052
49 44.56677649493447
50 45.004123273134766
51 45.53154702629028
freeSelLabel PHE 346
0 43.59055146467064
1 7.413233539221925
2 7.4237530630034
3 8.389049337749654
4 7.616076281102879
5 7.8167142602883235
6 8.07950810511033
7 8.079713165852022
8 8.4104478182613
9 8.39372931468885
10 8.339956715720506
11 8.861127728456177
12 7.939549334244532
13 8.705918140818026
14 9.047907446791148
15 12.534686828446114
16 14.00636140725116
17 16.12041896776191
18 15.832405701127104
19 15.951771942149742
20 16.376218011605566
21 16.775023098598226
22 16.791567567305847
23 17.249504370753307
24 18.24443357375996
25 20.51763796615662
26 21.90013686393094
27 21.259439614761792
28 22.63263179701046
29 22.605967613921077
30 23.793662955845818
31 24.896629173387062
32 26.013221044554843
33 26.32234982879219
34 26.397942007908142
35 26.574417502635864
36 26.214996299225838
37 26.83266554946311
38 27.710085766013947
39 29.31100922670042
40 29.580183420686296
41 30.17479073879486
42 32.53693710678332
43 35.005574817795335
44 35.219690255356944
45 36.907786984152686
46 40.06525684009841
47 40.68948656846466
48 41.40176397819645
49 42.62331379452669
50 43.052719677146975
51 43.59055196946185
freeSelLabel TYR 365
0 50.68078066918714
1 7.953064431365823
2 8.137563412772735
3 7.837779085399992
4 8.90555503016326
5 9.085299040415768
6 9.062432827007221
7 9.310177606316914
8 9.688206005793559
9 10.087167128997754
10 10.55754357305776
11 11.519716879632286
12 14.045038991091584
13 14.882167959329456
14 16.31534942553289
15 21.201446686084587
16 22.624422125749916
17 24.428113994180425
18 24.028222898128803
19 24.056091198879372
20 24.470520072057376
21 24.880953095030982
22 24.713535501636212
23 25.014965406979005
24 26.42625290696036
25 28.210524022441845
26 29.410180678907054
27 28.76591561605029
28 30.070830137858604
29 29.982059441618528
30 31.64330361910802
31 32.388657250761234
32 33.383762565359724
33 33.87623848383081
34 33.69130717191201
35 34.04657598880271
36 33.93249256224382
37 34.55877043526905
38 35.03455580292424
39 36.79008274848107
40 37.367211131156374
41 37.969550879788635
42 40.186698451596286
43 42.583379298822386
44 42.81817587137451
45 44.250434910719356
46 47.3835700482192
47 47.81636688104444
48 48.92340479736257
49 50.36512465142704
50 50.174760608466364
51 50.68078422225388
freeSelLabel THR 368
0 49.17841198464525
1 10.150517686155348
2 9.444661117092272
3 9.72036622324118
4 10.270803664686245
5 10.358855908705781
6 10.268928126678212
7 10.594727147940393
8 10.568779702522763
9 10.584060312928809
10 11.666457794179713
11 12.505836911814008
12 12.997069302121542
13 13.922288958867592
14 15.067475369876544
15 19.85834752367367
16 21.669537673753105
17 23.356121305967104
18 22.94944988551419
19 23.537989960271965
20 23.93110013232282
21 23.899791221949226
22 24.057742047861797
23 24.37865570875612
24 25.05516146101961
25 27.30479299680412
26 28.299560815545835
27 27.733239118052495
28 28.9088851353867
29 29.032817526550268
30 30.23628713631655
31 30.961636521804625
32 31.668209409607325
33 32.14829155449357
34 31.83363379677767
35 32.76007988059645
36 32.16033370452373
37 32.781721536930775
38 33.334393773137215
39 35.268156517679984
40 35.60003980628492
41 36.31903421283143
42 38.71224355501123
43 41.065664885191715
44 41.42368711628609
45 42.66093020380888
46 45.84794689085687
47 46.30399415055048
48 47.52729522558341
49 48.167531540004425
50 48.55939290821155
51 49.17841735619266
freeSelLabel THR 369
0 47.023453070064846
1 7.843726307831254
2 7.478022471938545
3 7.319836485087156
4 7.906483943378126
5 7.854703827589114
6 7.961004255564122
7 7.882329576476701
8 8.309398549007092
9 8.276058721228724
10 9.55639068913376
11 10.546091811300832
12 12.197139116737649
13 12.926570778650337
14 14.434391398013716
15 19.515725822084114
16 20.801299625406184
17 22.60256854831025
18 22.62225801335472
19 22.727916456589636
20 23.033427786209188
21 23.155249352817968
22 23.14901428873441
23 23.194043363247197
24 24.00465404174897
25 26.038942262736967
26 27.113446299564167
27 26.578766383314168
28 27.509225442159952
29 27.600065421161425
30 28.461601315641342
31 29.689086448639863
32 30.427277705084673
33 30.85589699099728
34 30.74905222380197
35 31.249445714792977
36 30.778642078552263
37 31.471871803906012
38 32.167059168742455
39 33.80044954569986
40 34.01283655164978
41 34.75912708305319
42 36.99735102976405
43 39.30252897170536
44 39.24867709620377
45 40.75942944004035
46 43.6945578959479
47 44.299784533818
48 45.37463722124226
49 46.38173402141497
50 46.673557634889825
51 47.02345686136856
freeSelLabel GLY 372
0 43.0915056555102
1 8.727769153435752
2 8.306016667447473
3 8.430568828103246
4 8.365911261033059
5 8.967589851908876
6 8.489733562735786
7 8.191756269813187
8 8.477907408591623
9 7.807793322275515
10 9.109720112772122
11 9.881812276458586
12 9.663085382590982
13 10.4887930563911
14 11.681781614132012
15 15.964803188153226
16 17.548833453621782
17 19.49214115132478
18 19.361656408638723
19 19.50614047595466
20 19.340188418188053
21 19.722557568073512
22 19.676080301464847
23 20.065286075984066
24 20.90627843083329
25 22.564304452227624
26 23.601086839820212
27 22.85209668613869
28 24.38650000718871
29 24.19396643443394
30 25.13435624007007
31 25.8146990882429
32 26.477332214957144
33 26.78816482983205
34 26.555426134622735
35 27.3132401844264
36 27.030035884363762
37 27.21749667798684
38 28.251703431020893
39 29.9229389390179
40 30.29065981865472
41 30.7203867350159
42 32.88107303712759
43 34.949300944479745
44 35.16944593151483
45 36.84018230065755
46 39.67876834930391
47 39.929961361650136
48 41.34861629757663
49 42.053150165772905
50 42.156880682358356
51 43.09150626867571
freeSelLabel TYR 373
0 43.70118321964996
1 9.40058710057607
2 8.973809533629453
3 8.915120883888102
4 9.023893577426392
5 8.72360169373638
6 8.721844418100295
7 8.88043832254183
8 9.17520453288999
9 8.520227176238677
10 9.600903582103617
11 10.813064508106747
12 11.877162318305903
13 12.526359950090349
14 13.673619607390105
15 18.430465719143754
16 19.556404426630078
17 21.495942519998284
18 21.38779785789761
19 21.32009212208757
20 21.41570339210545
21 21.677536523418343
22 21.817790000212245
23 22.048630574402853
24 22.92135949711509
25 24.808451429965274
26 25.37492987219007
27 24.386963541537394
28 25.441791088707284
29 25.837638622869726
30 26.706883101463433
31 27.247739197932354
32 28.00620665447107
33 28.47413176857575
34 28.401833136184223
35 28.469127208327777
36 28.674827192581755
37 29.107858458691226
38 29.324391257336437
39 31.30875122320429
40 31.432785775415088
41 32.22237524598449
42 34.03113663432753
43 36.25295850636686
44 36.3535128725428
45 37.699315539564246
46 40.36246392610909
47 40.70860548690679
48 42.04184674668605
49 43.05690149511042
50 43.42677014048456
51 43.70118650165472
