IMPROPER 4013 4024 4016 4018 $FC -120.0
DIHEDRAL 4048 4051 4053 4055 $FC  0.0
IMPROPER 4147 4158 4150 4152 $FC -120.0
DIHEDRAL 4182 4185 4187 4189 $FC  0.0
IMPROPER 4281 4292 4284 4286 $FC -120.0
DIHEDRAL 4316 4319 4321 4323 $FC  0.0
IMPROPER 4415 4426 4418 4420 $FC -120.0
DIHEDRAL 4450 4453 4455 4457 $FC  0.0
IMPROPER 4549 4560 4552 4554 $FC -120.0
DIHEDRAL 4584 4587 4589 4591 $FC  0.0
IMPROPER 4683 4694 4686 4688 $FC -120.0
DIHEDRAL 4718 4721 4723 4725 $FC  0.0
IMPROPER 4817 4828 4820 4822 $FC -120.0
DIHEDRAL 4852 4855 4857 4859 $FC  0.0
IMPROPER 4951 4962 4954 4956 $FC -120.0
DIHEDRAL 4986 4989 4991 4993 $FC  0.0
IMPROPER 5085 5096 5088 5090 $FC -120.0
DIHEDRAL 5120 5123 5125 5127 $FC  0.0
IMPROPER 5219 5230 5222 5224 $FC -120.0
DIHEDRAL 5254 5257 5259 5261 $FC  0.0
IMPROPER 5353 5364 5356 5358 $FC -120.0
DIHEDRAL 5388 5391 5393 5395 $FC  0.0
IMPROPER 5487 5498 5490 5492 $FC -120.0
DIHEDRAL 5522 5525 5527 5529 $FC  0.0
IMPROPER 5621 5632 5624 5626 $FC -120.0
DIHEDRAL 5656 5659 5661 5663 $FC  0.0
IMPROPER 5755 5766 5758 5760 $FC -120.0
DIHEDRAL 5790 5793 5795 5797 $FC  0.0
IMPROPER 5889 5900 5892 5894 $FC -120.0
DIHEDRAL 5924 5927 5929 5931 $FC  0.0
IMPROPER 6023 6034 6026 6028 $FC -120.0
DIHEDRAL 6058 6061 6063 6065 $FC  0.0
IMPROPER 6157 6168 6160 6162 $FC -120.0
DIHEDRAL 6192 6195 6197 6199 $FC  0.0
IMPROPER 6291 6302 6294 6296 $FC -120.0
DIHEDRAL 6326 6329 6331 6333 $FC  0.0
IMPROPER 6425 6436 6428 6430 $FC -120.0
DIHEDRAL 6460 6463 6465 6467 $FC  0.0
IMPROPER 6559 6570 6562 6564 $FC -120.0
DIHEDRAL 6594 6597 6599 6601 $FC  0.0
IMPROPER 6693 6704 6696 6698 $FC -120.0
DIHEDRAL 6728 6731 6733 6735 $FC  0.0
IMPROPER 6827 6838 6830 6832 $FC -120.0
DIHEDRAL 6862 6865 6867 6869 $FC  0.0
IMPROPER 6961 6972 6964 6966 $FC -120.0
DIHEDRAL 6996 6999 7001 7003 $FC  0.0
IMPROPER 7095 7106 7098 7100 $FC -120.0
DIHEDRAL 7130 7133 7135 7137 $FC  0.0
IMPROPER 7229 7240 7232 7234 $FC -120.0
DIHEDRAL 7264 7267 7269 7271 $FC  0.0
IMPROPER 7363 7374 7366 7368 $FC -120.0
DIHEDRAL 7398 7401 7403 7405 $FC  0.0
IMPROPER 7497 7508 7500 7502 $FC -120.0
DIHEDRAL 7532 7535 7537 7539 $FC  0.0
IMPROPER 7631 7642 7634 7636 $FC -120.0
DIHEDRAL 7666 7669 7671 7673 $FC  0.0
IMPROPER 7765 7776 7768 7770 $FC -120.0
DIHEDRAL 7800 7803 7805 7807 $FC  0.0
IMPROPER 7899 7910 7902 7904 $FC -120.0
DIHEDRAL 7934 7937 7939 7941 $FC  0.0
IMPROPER 8033 8044 8036 8038 $FC -120.0
DIHEDRAL 8068 8071 8073 8075 $FC  0.0
IMPROPER 8167 8178 8170 8172 $FC -120.0
DIHEDRAL 8202 8205 8207 8209 $FC  0.0
IMPROPER 8301 8312 8304 8306 $FC -120.0
DIHEDRAL 8336 8339 8341 8343 $FC  0.0
IMPROPER 8435 8446 8438 8440 $FC -120.0
DIHEDRAL 8470 8473 8475 8477 $FC  0.0
IMPROPER 8569 8580 8572 8574 $FC -120.0
DIHEDRAL 8604 8607 8609 8611 $FC  0.0
IMPROPER 8703 8714 8706 8708 $FC -120.0
DIHEDRAL 8738 8741 8743 8745 $FC  0.0
IMPROPER 8837 8848 8840 8842 $FC -120.0
DIHEDRAL 8872 8875 8877 8879 $FC  0.0
IMPROPER 8971 8982 8974 8976 $FC -120.0
DIHEDRAL 9006 9009 9011 9013 $FC  0.0
IMPROPER 9105 9116 9108 9110 $FC -120.0
DIHEDRAL 9140 9143 9145 9147 $FC  0.0
IMPROPER 9239 9250 9242 9244 $FC -120.0
DIHEDRAL 9274 9277 9279 9281 $FC  0.0
IMPROPER 9373 9384 9376 9378 $FC -120.0
DIHEDRAL 9408 9411 9413 9415 $FC  0.0
IMPROPER 9507 9518 9510 9512 $FC -120.0
DIHEDRAL 9542 9545 9547 9549 $FC  0.0
IMPROPER 9641 9652 9644 9646 $FC -120.0
DIHEDRAL 9676 9679 9681 9683 $FC  0.0
IMPROPER 9775 9786 9778 9780 $FC -120.0
DIHEDRAL 9810 9813 9815 9817 $FC  0.0
IMPROPER 9909 9920 9912 9914 $FC -120.0
DIHEDRAL 9944 9947 9949 9951 $FC  0.0
IMPROPER 10043 10054 10046 10048 $FC -120.0
DIHEDRAL 10078 10081 10083 10085 $FC  0.0
IMPROPER 10177 10188 10180 10182 $FC -120.0
DIHEDRAL 10212 10215 10217 10219 $FC  0.0
IMPROPER 10311 10322 10314 10316 $FC -120.0
DIHEDRAL 10346 10349 10351 10353 $FC  0.0
IMPROPER 10445 10456 10448 10450 $FC -120.0
DIHEDRAL 10480 10483 10485 10487 $FC  0.0
IMPROPER 10579 10590 10582 10584 $FC -120.0
DIHEDRAL 10614 10617 10619 10621 $FC  0.0
IMPROPER 10713 10724 10716 10718 $FC -120.0
DIHEDRAL 10748 10751 10753 10755 $FC  0.0
IMPROPER 10847 10858 10850 10852 $FC -120.0
DIHEDRAL 10882 10885 10887 10889 $FC  0.0
IMPROPER 10981 10992 10984 10986 $FC -120.0
DIHEDRAL 11016 11019 11021 11023 $FC  0.0
IMPROPER 11115 11126 11118 11120 $FC -120.0
DIHEDRAL 11150 11153 11155 11157 $FC  0.0
IMPROPER 11249 11260 11252 11254 $FC -120.0
DIHEDRAL 11284 11287 11289 11291 $FC  0.0
IMPROPER 11383 11394 11386 11388 $FC -120.0
DIHEDRAL 11418 11421 11423 11425 $FC  0.0
IMPROPER 11517 11528 11520 11522 $FC -120.0
DIHEDRAL 11552 11555 11557 11559 $FC  0.0
IMPROPER 11651 11662 11654 11656 $FC -120.0
DIHEDRAL 11686 11689 11691 11693 $FC  0.0
IMPROPER 11785 11796 11788 11790 $FC -120.0
DIHEDRAL 11820 11823 11825 11827 $FC  0.0
IMPROPER 11919 11930 11922 11924 $FC -120.0
DIHEDRAL 11954 11957 11959 11961 $FC  0.0
IMPROPER 12053 12064 12056 12058 $FC -120.0
DIHEDRAL 12088 12091 12093 12095 $FC  0.0
IMPROPER 12187 12198 12190 12192 $FC -120.0
DIHEDRAL 12222 12225 12227 12229 $FC  0.0
IMPROPER 12321 12332 12324 12326 $FC -120.0
DIHEDRAL 12356 12359 12361 12363 $FC  0.0
IMPROPER 12455 12466 12458 12460 $FC -120.0
DIHEDRAL 12490 12493 12495 12497 $FC  0.0
IMPROPER 12589 12600 12592 12594 $FC -120.0
DIHEDRAL 12624 12627 12629 12631 $FC  0.0
IMPROPER 12723 12734 12726 12728 $FC -120.0
DIHEDRAL 12758 12761 12763 12765 $FC  0.0
IMPROPER 12857 12868 12860 12862 $FC -120.0
DIHEDRAL 12892 12895 12897 12899 $FC  0.0
IMPROPER 12991 13002 12994 12996 $FC -120.0
DIHEDRAL 13026 13029 13031 13033 $FC  0.0
IMPROPER 13125 13136 13128 13130 $FC -120.0
DIHEDRAL 13160 13163 13165 13167 $FC  0.0
IMPROPER 13259 13270 13262 13264 $FC -120.0
DIHEDRAL 13294 13297 13299 13301 $FC  0.0
IMPROPER 13393 13404 13396 13398 $FC -120.0
DIHEDRAL 13428 13431 13433 13435 $FC  0.0
IMPROPER 13527 13538 13530 13532 $FC -120.0
DIHEDRAL 13562 13565 13567 13569 $FC  0.0
IMPROPER 13661 13672 13664 13666 $FC -120.0
DIHEDRAL 13696 13699 13701 13703 $FC  0.0
IMPROPER 13795 13806 13798 13800 $FC -120.0
DIHEDRAL 13830 13833 13835 13837 $FC  0.0
IMPROPER 13929 13940 13932 13934 $FC -120.0
DIHEDRAL 13964 13967 13969 13971 $FC  0.0
IMPROPER 14063 14074 14066 14068 $FC -120.0
DIHEDRAL 14098 14101 14103 14105 $FC  0.0
IMPROPER 14197 14208 14200 14202 $FC -120.0
DIHEDRAL 14232 14235 14237 14239 $FC  0.0
IMPROPER 14331 14342 14334 14336 $FC -120.0
DIHEDRAL 14366 14369 14371 14373 $FC  0.0
IMPROPER 14465 14476 14468 14470 $FC -120.0
DIHEDRAL 14500 14503 14505 14507 $FC  0.0
IMPROPER 14599 14610 14602 14604 $FC -120.0
DIHEDRAL 14634 14637 14639 14641 $FC  0.0
IMPROPER 14733 14744 14736 14738 $FC -120.0
DIHEDRAL 14768 14771 14773 14775 $FC  0.0
IMPROPER 14867 14878 14870 14872 $FC -120.0
DIHEDRAL 14902 14905 14907 14909 $FC  0.0
IMPROPER 15001 15012 15004 15006 $FC -120.0
DIHEDRAL 15036 15039 15041 15043 $FC  0.0
IMPROPER 15135 15146 15138 15140 $FC -120.0
DIHEDRAL 15170 15173 15175 15177 $FC  0.0
IMPROPER 15269 15280 15272 15274 $FC -120.0
DIHEDRAL 15304 15307 15309 15311 $FC  0.0
IMPROPER 15403 15414 15406 15408 $FC -120.0
DIHEDRAL 15438 15441 15443 15445 $FC  0.0
IMPROPER 15537 15548 15540 15542 $FC -120.0
DIHEDRAL 15572 15575 15577 15579 $FC  0.0
IMPROPER 15671 15682 15674 15676 $FC -120.0
DIHEDRAL 15706 15709 15711 15713 $FC  0.0
IMPROPER 15805 15816 15808 15810 $FC -120.0
DIHEDRAL 15840 15843 15845 15847 $FC  0.0
IMPROPER 15939 15950 15942 15944 $FC -120.0
DIHEDRAL 15974 15977 15979 15981 $FC  0.0
IMPROPER 16073 16084 16076 16078 $FC -120.0
DIHEDRAL 16108 16111 16113 16115 $FC  0.0
IMPROPER 16207 16218 16210 16212 $FC -120.0
DIHEDRAL 16242 16245 16247 16249 $FC  0.0
IMPROPER 16341 16352 16344 16346 $FC -120.0
DIHEDRAL 16376 16379 16381 16383 $FC  0.0
IMPROPER 16475 16486 16478 16480 $FC -120.0
DIHEDRAL 16510 16513 16515 16517 $FC  0.0
IMPROPER 16609 16620 16612 16614 $FC -120.0
DIHEDRAL 16644 16647 16649 16651 $FC  0.0
IMPROPER 16743 16754 16746 16748 $FC -120.0
DIHEDRAL 16778 16781 16783 16785 $FC  0.0
IMPROPER 16877 16888 16880 16882 $FC -120.0
DIHEDRAL 16912 16915 16917 16919 $FC  0.0
IMPROPER 17011 17022 17014 17016 $FC -120.0
DIHEDRAL 17046 17049 17051 17053 $FC  0.0
IMPROPER 17145 17156 17148 17150 $FC -120.0
DIHEDRAL 17180 17183 17185 17187 $FC  0.0
IMPROPER 17279 17290 17282 17284 $FC -120.0
DIHEDRAL 17314 17317 17319 17321 $FC  0.0
IMPROPER 17413 17424 17416 17418 $FC -120.0
DIHEDRAL 17448 17451 17453 17455 $FC  0.0
IMPROPER 17547 17558 17550 17552 $FC -120.0
DIHEDRAL 17582 17585 17587 17589 $FC  0.0
IMPROPER 17681 17692 17684 17686 $FC -120.0
DIHEDRAL 17716 17719 17721 17723 $FC  0.0
IMPROPER 17815 17826 17818 17820 $FC -120.0
DIHEDRAL 17850 17853 17855 17857 $FC  0.0
IMPROPER 17949 17960 17952 17954 $FC -120.0
DIHEDRAL 17984 17987 17989 17991 $FC  0.0
IMPROPER 18083 18094 18086 18088 $FC -120.0
DIHEDRAL 18118 18121 18123 18125 $FC  0.0
IMPROPER 18217 18228 18220 18222 $FC -120.0
DIHEDRAL 18252 18255 18257 18259 $FC  0.0
IMPROPER 18351 18362 18354 18356 $FC -120.0
DIHEDRAL 18386 18389 18391 18393 $FC  0.0
IMPROPER 18485 18496 18488 18490 $FC -120.0
DIHEDRAL 18520 18523 18525 18527 $FC  0.0
IMPROPER 18619 18630 18622 18624 $FC -120.0
DIHEDRAL 18654 18657 18659 18661 $FC  0.0
IMPROPER 18753 18764 18756 18758 $FC -120.0
DIHEDRAL 18788 18791 18793 18795 $FC  0.0
IMPROPER 18887 18898 18890 18892 $FC -120.0
DIHEDRAL 18922 18925 18927 18929 $FC  0.0
IMPROPER 19021 19032 19024 19026 $FC -120.0
DIHEDRAL 19056 19059 19061 19063 $FC  0.0
IMPROPER 19155 19166 19158 19160 $FC -120.0
DIHEDRAL 19190 19193 19195 19197 $FC  0.0
IMPROPER 19289 19300 19292 19294 $FC -120.0
DIHEDRAL 19324 19327 19329 19331 $FC  0.0
IMPROPER 19423 19434 19426 19428 $FC -120.0
DIHEDRAL 19458 19461 19463 19465 $FC  0.0
IMPROPER 19557 19568 19560 19562 $FC -120.0
DIHEDRAL 19592 19595 19597 19599 $FC  0.0
IMPROPER 19691 19702 19694 19696 $FC -120.0
DIHEDRAL 19726 19729 19731 19733 $FC  0.0
IMPROPER 19825 19836 19828 19830 $FC -120.0
DIHEDRAL 19860 19863 19865 19867 $FC  0.0
IMPROPER 19959 19970 19962 19964 $FC -120.0
DIHEDRAL 19994 19997 19999 20001 $FC  0.0
IMPROPER 20093 20104 20096 20098 $FC -120.0
DIHEDRAL 20128 20131 20133 20135 $FC  0.0
IMPROPER 20227 20238 20230 20232 $FC -120.0
DIHEDRAL 20262 20265 20267 20269 $FC  0.0
IMPROPER 20361 20372 20364 20366 $FC -120.0
DIHEDRAL 20396 20399 20401 20403 $FC  0.0
IMPROPER 20495 20506 20498 20500 $FC -120.0
DIHEDRAL 20530 20533 20535 20537 $FC  0.0
IMPROPER 20629 20640 20632 20634 $FC -120.0
DIHEDRAL 20664 20667 20669 20671 $FC  0.0
IMPROPER 20763 20774 20766 20768 $FC -120.0
DIHEDRAL 20798 20801 20803 20805 $FC  0.0
IMPROPER 20897 20908 20900 20902 $FC -120.0
DIHEDRAL 20932 20935 20937 20939 $FC  0.0
IMPROPER 21031 21042 21034 21036 $FC -120.0
DIHEDRAL 21066 21069 21071 21073 $FC  0.0
IMPROPER 21165 21176 21168 21170 $FC -120.0
DIHEDRAL 21200 21203 21205 21207 $FC  0.0
IMPROPER 21299 21310 21302 21304 $FC -120.0
DIHEDRAL 21334 21337 21339 21341 $FC  0.0
IMPROPER 21433 21444 21436 21438 $FC -120.0
DIHEDRAL 21468 21471 21473 21475 $FC  0.0
IMPROPER 21567 21578 21570 21572 $FC -120.0
DIHEDRAL 21602 21605 21607 21609 $FC  0.0
IMPROPER 21701 21712 21704 21706 $FC -120.0
DIHEDRAL 21736 21739 21741 21743 $FC  0.0
IMPROPER 21835 21846 21838 21840 $FC -120.0
DIHEDRAL 21870 21873 21875 21877 $FC  0.0
IMPROPER 21969 21980 21972 21974 $FC -120.0
DIHEDRAL 22004 22007 22009 22011 $FC  0.0
IMPROPER 22103 22114 22106 22108 $FC -120.0
DIHEDRAL 22138 22141 22143 22145 $FC  0.0
IMPROPER 22237 22248 22240 22242 $FC -120.0
DIHEDRAL 22272 22275 22277 22279 $FC  0.0
IMPROPER 22371 22382 22374 22376 $FC -120.0
DIHEDRAL 22406 22409 22411 22413 $FC  0.0
IMPROPER 22505 22516 22508 22510 $FC -120.0
DIHEDRAL 22540 22543 22545 22547 $FC  0.0
IMPROPER 22639 22650 22642 22644 $FC -120.0
DIHEDRAL 22674 22677 22679 22681 $FC  0.0
IMPROPER 22773 22784 22776 22778 $FC -120.0
DIHEDRAL 22808 22811 22813 22815 $FC  0.0
IMPROPER 22907 22918 22910 22912 $FC -120.0
DIHEDRAL 22942 22945 22947 22949 $FC  0.0
IMPROPER 23041 23052 23044 23046 $FC -120.0
DIHEDRAL 23076 23079 23081 23083 $FC  0.0
IMPROPER 23175 23186 23178 23180 $FC -120.0
DIHEDRAL 23210 23213 23215 23217 $FC  0.0
IMPROPER 23309 23320 23312 23314 $FC -120.0
DIHEDRAL 23344 23347 23349 23351 $FC  0.0
IMPROPER 23443 23454 23446 23448 $FC -120.0
DIHEDRAL 23478 23481 23483 23485 $FC  0.0
IMPROPER 23577 23588 23580 23582 $FC -120.0
DIHEDRAL 23612 23615 23617 23619 $FC  0.0
IMPROPER 23711 23722 23714 23716 $FC -120.0
DIHEDRAL 23746 23749 23751 23753 $FC  0.0
IMPROPER 23845 23856 23848 23850 $FC -120.0
DIHEDRAL 23880 23883 23885 23887 $FC  0.0
IMPROPER 23979 23990 23982 23984 $FC -120.0
DIHEDRAL 24014 24017 24019 24021 $FC  0.0
IMPROPER 24113 24124 24116 24118 $FC -120.0
DIHEDRAL 24148 24151 24153 24155 $FC  0.0
IMPROPER 24247 24258 24250 24252 $FC -120.0
DIHEDRAL 24282 24285 24287 24289 $FC  0.0
IMPROPER 24381 24392 24384 24386 $FC -120.0
DIHEDRAL 24416 24419 24421 24423 $FC  0.0
IMPROPER 24515 24526 24518 24520 $FC -120.0
DIHEDRAL 24550 24553 24555 24557 $FC  0.0
IMPROPER 24649 24660 24652 24654 $FC -120.0
DIHEDRAL 24684 24687 24689 24691 $FC  0.0
IMPROPER 24783 24794 24786 24788 $FC -120.0
DIHEDRAL 24818 24821 24823 24825 $FC  0.0
